#multi:
;Hantel A;;;;;;;Hantel B;;;;;;;Masse C;;;;;;;
t;x;y;vx;vy;px;py;K;x;y;vx;vy;px;py;K;x;y;vx;vy;px;py;K;
0,000;2,124E-2;2,124E-2;;;;;;-4,453E-2;2,192E-2;;;;;;3,631E-2;-0,224;;;;;
0,017;2,123E-2;2,105E-2;2,213E-3;-7,670E-3;4,117E-5;-1,427E-4;5,926E-7;-4,452E-2;2,190E-2;1,344E-3;-1,612E-3;2,500E-5;-2,998E-5;4,097E-8;3,588E-2;-0,211;-2,578E-2;0,781;-4,749E-4;1,438E-2;5,619E-3
0,033;2,131E-2;2,098E-2;2,162E-3;-6,030E-3;4,021E-5;-1,122E-4;3,816E-7;-4,449E-2;2,187E-2;6,908E-4;-1,717E-3;1,285E-5;-3,194E-5;3,186E-8;3,545E-2;-0,198;-2,846E-2;0,778;-5,242E-4;1,434E-2;5,586E-3
0,050;2,130E-2;2,084E-2;3,086E-3;-2,161E-2;5,740E-5;-4,020E-4;4,433E-6;-4,450E-2;2,184E-2;1,965E-3;-4,275E-3;3,655E-5;-7,952E-5;2,059E-7;3,493E-2;-0,185;-4,576E-2;1,159;-8,428E-4;2,135E-2;1,239E-2
0,067;2,142E-2;2,026E-2;3,039E-3;-2,217E-2;5,652E-5;-4,124E-4;4,658E-6;-4,442E-2;2,173E-2;1,365E-3;-5,411E-3;2,539E-5;-1,006E-4;2,897E-7;3,393E-2;-0,159;-4,334E-2;1,164;-7,983E-4;2,145E-2;1,250E-2
0,083;2,140E-2;2,011E-2;6,800E-4;-1,119E-2;1,265E-5;-2,080E-4;1,168E-6;-4,445E-2;2,166E-2;-2,114E-3;-2,867E-3;-3,933E-5;-5,333E-5;1,180E-7;3,349E-2;-0,146;-2,713E-2;0,776;-4,998E-4;1,430E-2;5,557E-3
0,100;2,144E-2;1,989E-2;2,210E-3;-1,571E-2;4,112E-5;-2,922E-4;2,340E-6;-4,449E-2;2,163E-2;-9,343E-4;-1,694E-3;-1,738E-5;-3,150E-5;3,480E-8;3,302E-2;-0,134;-2,090E-2;0,778;-3,850E-4;1,434E-2;5,585E-3
0,117;2,148E-2;1,958E-2;2,355E-3;-2,488E-2;4,381E-5;-4,628E-4;5,808E-6;-4,448E-2;2,160E-2;2,664E-3;-9,430E-3;4,956E-5;-1,754E-4;8,931E-7;3,279E-2;-0,121;-4,042E-2;1,156;-7,445E-4;2,128E-2;1,231E-2
0,133;2,152E-2;1,906E-2;1,756E-4;-2,480E-2;3,266E-6;-4,612E-4;5,719E-6;-4,441E-2;2,132E-2;2,533E-3;-1,802E-2;4,711E-5;-3,352E-4;3,080E-6;3,168E-2;-9,500E-2;-5,084E-2;1,159;-9,365E-4;2,135E-2;1,239E-2
0,150;2,148E-2;1,876E-2;-1,659E-3;-1,417E-2;-3,085E-5;-2,635E-4;1,892E-6;-4,440E-2;2,100E-2;5,240E-4;-1,275E-2;9,747E-6;-2,371E-4;1,514E-6;3,110E-2;-8,189E-2;-3,048E-2;0,778;-5,614E-4;1,432E-2;5,577E-3
0,167;2,146E-2;1,859E-2;6,369E-5;-2,163E-2;1,185E-6;-4,023E-4;4,350E-6;-4,439E-2;2,089E-2;1,476E-3;-1,309E-2;2,746E-5;-2,434E-4;1,613E-6;3,066E-2;-6,908E-2;-3,960E-2;1,154;-7,293E-4;2,126E-2;1,229E-2
0,183;2,148E-2;1,803E-2;-1,068E-3;-2,232E-2;-1,987E-5;-4,152E-4;4,645E-6;-4,435E-2;2,057E-2;-1,553E-3;-1,563E-2;-2,888E-5;-2,907E-4;2,294E-6;2,978E-2;-4,341E-2;-3,582E-2;1,156;-6,598E-4;2,129E-2;1,232E-2
0,200;2,143E-2;1,784E-2;-1,653E-2;0,132;-3,074E-4;2,463E-3;1,656E-4;-4,444E-2;2,037E-2;-4,740E-3;-3,292E-3;-8,817E-5;-6,123E-5;3,098E-7;2,947E-2;-3,055E-2;-4,426E-5;0,610;-8,153E-7;1,123E-2;3,424E-3
0,217;2,093E-2;2,245E-2;-5,204E-2;0,461;-9,680E-4;8,583E-3;2,006E-3;-4,451E-2;2,046E-2;-1,752E-2;2,611E-2;-3,259E-4;4,856E-4;9,195E-6;2,978E-2;-2,309E-2;6,308E-2;0,232;1,162E-3;4,281E-3;5,341E-4
0,233;1,969E-2;3,323E-2;-0,187;0,940;-3,481E-3;1,748E-2;8,537E-3;-4,502E-2;2,124E-2;2,344E-3;8,140E-2;4,361E-5;1,514E-3;6,167E-5;3,157E-2;-2,280E-2;0,152;3,627E-2;2,792E-3;6,680E-4;2,237E-4
0,250;1,469E-2;5,377E-2;-0,260;0,907;-4,829E-3;1,687E-2;8,280E-3;-4,443E-2;2,317E-2;6,300E-2;0,108;1,172E-3;2,002E-3;1,447E-4;3,483E-2;-2,188E-2;0,148;4,132E-2;2,720E-3;7,611E-4;2,166E-4
0,267;1,104E-2;6,346E-2;-0,229;0,571;-4,269E-3;1,062E-2;3,523E-3;-4,292E-2;2,483E-2;0,117;0,106;2,182E-3;1,977E-3;2,331E-4;3,649E-2;-2,143E-2;9,789E-2;2,653E-2;1,803E-3;4,888E-4;9,474E-5
0,283;7,045E-3;7,281E-2;-0,414;0,787;-7,696E-3;1,464E-2;7,356E-3;-4,052E-2;2,671E-2;0,240;0,213;4,464E-3;3,967E-3;9,587E-4;3,809E-2;-2,100E-2;0,148;3,643E-2;2,721E-3;6,710E-4;2,131E-4
0,300;-2,755E-3;8,971E-2;-0,457;0,731;-8,509E-3;1,360E-2;6,921E-3;-3,492E-2;3,194E-2;0,272;0,274;5,057E-3;5,090E-3;1,384E-3;4,142E-2;-2,021E-2;0,155;3,847E-2;2,850E-3;7,087E-4;2,341E-4
0,317;-8,205E-3;9,718E-2;-0,337;0,429;-6,262E-3;7,975E-3;2,764E-3;-3,146E-2;3,583E-2;0,215;0,247;4,008E-3;4,597E-3;1,000E-3;4,325E-2;-1,972E-2;0,104;2,338E-2;1,910E-3;4,307E-4;1,041E-4
0,333;-1,398E-2;0,104;-0,525;0,541;-9,769E-3;1,006E-2;5,283E-3;-2,774E-2;4,018E-2;0,342;0,457;6,362E-3;8,508E-3;3,034E-3;4,487E-2;-1,943E-2;0,142;3,632E-2;2,619E-3;6,690E-4;1,983E-4
0,350;-2,571E-2;0,115;-0,528;0,475;-9,813E-3;8,836E-3;4,687E-3;-2,006E-2;5,108E-2;0,340;0,524;6,330E-3;9,755E-3;3,635E-3;4,799E-2;-1,851E-2;0,139;3,620E-2;2,554E-3;6,669E-4;1,892E-4
0,367;-3,156E-2;0,120;-0,492;0,346;-9,157E-3;6,427E-3;3,365E-3;-1,640E-2;5,766E-2;0,322;0,646;5,984E-3;1,202E-2;4,849E-3;4,949E-2;-1,823E-2;0,138;3,001E-2;2,547E-3;5,527E-4;1,844E-4
0,383;-4,212E-2;0,127;-0,458;0,277;-8,519E-3;5,144E-3;2,662E-3;-9,331E-3;7,263E-2;0,300;0,703;5,578E-3;1,307E-2;5,432E-3;5,260E-2;-1,751E-2;0,142;2,990E-2;2,624E-3;5,508E-4;1,952E-4
0,400;-4,683E-2;0,129;-0,271;0,129;-5,034E-3;2,403E-3;8,364E-4;-6,402E-3;8,109E-2;0,154;0,527;2,873E-3;9,805E-3;2,806E-3;5,424E-2;-1,723E-2;9,647E-2;2,326E-2;1,777E-3;4,284E-4;9,069E-5
0,417;-5,114E-2;0,131;-0,328;0,144;-6,101E-3;2,669E-3;1,192E-3;-4,182E-3;9,020E-2;0,155;0,863;2,890E-3;1,605E-2;7,147E-3;5,581E-2;-1,673E-2;0,135;3,964E-2;2,479E-3;7,302E-4;1,813E-4
0,433;-5,776E-2;0,134;-0,267;0,115;-4,973E-3;2,131E-3;7,868E-4;-1,222E-3;0,110;9,618E-2;0,899;1,789E-3;1,672E-2;7,603E-3;5,873E-2;-1,591E-2;0,133;2,798E-2;2,455E-3;5,154E-4;1,708E-4
0,450;-6,006E-2;0,135;-0,117;5,411E-2;-2,167E-3;1,006E-3;1,535E-4;-9,754E-4;0,120;5,355E-3;0,613;9,960E-5;1,140E-2;3,497E-3;6,025E-2;-1,580E-2;9,380E-2;1,333E-2;1,728E-3;2,456E-4;8,266E-5
0,467;-6,165E-2;0,136;-7,683E-2;7,159E-2;-1,429E-3;1,332E-3;1,026E-4;-1,044E-3;0,130;-8,371E-2;0,929;-1,557E-3;1,727E-2;8,085E-3;6,186E-2;-1,546E-2;0,140;3,380E-2;2,580E-3;6,226E-4;1,912E-4
0,483;-6,262E-2;0,137;-1,156E-2;7,593E-2;-2,150E-4;1,412E-3;5,486E-5;-3,766E-3;0,151;-0,149;0,930;-2,775E-3;1,730E-2;8,252E-3;6,492E-2;-1,467E-2;0,137;3,207E-2;2,530E-3;5,907E-4;1,832E-4
0,500;-6,203E-2;0,138;5,457E-2;6,520E-2;1,015E-3;1,213E-3;6,723E-5;-6,016E-3;0,161;-0,159;0,595;-2,953E-3;1,106E-2;3,521E-3;6,643E-2;-1,439E-2;9,201E-2;1,504E-2;1,695E-3;2,771E-4;8,005E-5
0,517;-6,080E-2;0,139;0,166;0,150;3,092E-3;2,785E-3;4,655E-4;-9,057E-3;0,171;-0,328;0,851;-6,102E-3;1,584E-2;7,743E-3;6,799E-2;-1,417E-2;0,134;2,893E-2;2,471E-3;5,329E-4;1,734E-4
0,533;-5,649E-2;0,143;0,210;0,194;3,910E-3;3,616E-3;7,626E-4;-1,695E-2;0,190;-0,373;0,818;-6,941E-3;1,521E-2;7,512E-3;7,091E-2;-1,343E-2;0,131;2,759E-2;2,411E-3;5,082E-4;1,648E-4
0,550;-5,379E-2;0,146;0,183;0,177;3,409E-3;3,300E-3;6,052E-4;-2,150E-2;0,198;-0,286;0,489;-5,315E-3;9,090E-3;2,980E-3;7,235E-2;-1,325E-2;8,816E-2;1,805E-2;1,624E-3;3,324E-4;7,457E-5
0,567;-5,038E-2;0,149;0,323;0,353;6,015E-3;6,559E-3;2,129E-3;-2,648E-2;0,206;-0,480;0,647;-8,932E-3;1,204E-2;6,038E-3;7,384E-2;-1,283E-2;0,139;2,391E-2;2,561E-3;4,403E-4;1,833E-4
0,583;-4,301E-2;0,158;0,340;0,415;6,317E-3;7,725E-3;2,677E-3;-3,750E-2;0,220;-0,508;0,592;-9,452E-3;1,101E-2;5,659E-3;7,699E-2;-1,245E-2;0,135;2,387E-2;2,482E-3;4,397E-4;1,725E-4
0,600;-3,906E-2;0,163;0,234;0,342;4,352E-3;6,353E-3;1,594E-3;-4,342E-2;0,226;-0,347;0,329;-6,451E-3;6,123E-3;2,127E-3;7,834E-2;-1,203E-2;8,382E-2;1,892E-2;1,544E-3;3,484E-4;6,801E-5
0,617;-3,521E-2;0,169;0,335;0,612;6,238E-3;1,138E-2;4,527E-3;-4,906E-2;0,231;-0,494;0,391;-9,191E-3;7,277E-3;3,694E-3;7,978E-2;-1,182E-2;0,124;2,694E-2;2,287E-3;4,962E-4;1,486E-4
0,633;-2,788E-2;0,183;0,312;0,677;5,800E-3;1,259E-2;5,165E-3;-5,989E-2;0,239;-0,471;0,327;-8,759E-3;6,090E-3;3,059E-3;8,247E-2;-1,113E-2;0,124;2,443E-2;2,283E-3;4,501E-4;1,470E-4
0,650;-2,482E-2;0,192;0,175;0,511;3,247E-3;9,498E-3;2,709E-3;-6,476E-2;0,242;-0,284;0,168;-5,288E-3;3,127E-3;1,015E-3;8,391E-2;-1,101E-2;9,184E-2;1,073E-2;1,692E-3;1,977E-4;7,875E-5
0,667;-2,206E-2;0,200;0,199;0,830;3,697E-3;1,543E-2;6,768E-3;-6,936E-2;0,244;-0,357;0,183;-6,646E-3;3,410E-3;1,500E-3;8,554E-2;-1,078E-2;0,132;2,739E-2;2,437E-3;5,046E-4;1,682E-4
0,683;-1,819E-2;0,219;0,143;0,866;2,655E-3;1,610E-2;7,160E-3;-7,667E-2;0,248;-0,312;0,140;-5,805E-3;2,607E-3;1,089E-3;8,832E-2;-1,009E-2;0,126;2,670E-2;2,325E-3;4,919E-4;1,533E-4
0,700;-1,730E-2;0,229;3,279E-2;0,605;6,098E-4;1,126E-2;3,416E-3;-7,977E-2;0,249;-0,153;5,910E-2;-2,842E-3;1,099E-3;2,495E-4;8,974E-2;-9,887E-3;8,367E-2;1,389E-2;1,541E-3;2,559E-4;6,626E-5
0,717;-1,710E-2;0,239;-4,387E-2;0,926;-8,160E-4;1,723E-2;7,996E-3;-8,176E-2;0,250;-0,132;7,208E-2;-2,464E-3;1,341E-3;2,115E-4;9,111E-2;-9,631E-3;0,124;1,905E-2;2,279E-3;3,509E-4;1,444E-4
0,733;-1,877E-2;0,260;;;;;;-8,418E-2;0,251;;;;;;9,387E-2;-9,252E-3;;;;;
