Data from Sub Rng3__1__181.txt Node

399.908	21.93
400.268	22.66
400.627	22.73
400.987	22.26
401.346	23.51
401.706	28.54
402.065	45.09
402.424	96.8
402.784	229.26
403.143	503.16
403.502	887.25
403.861	1156.9
404.221	1318.14
404.58	1406.63
404.939	1449.36
405.298	1462.78
405.657	1462.07
406.015	1447.54
406.374	1396.55
406.733	1266.33
407.092	992.65
407.451	608.52
407.809	341.09
408.168	181.41
408.527	91.94
408.885	48.56
409.244	33.21
409.602	27.78
409.961	25.49
410.319	23.35
410.678	21.63
411.036	20.48
411.394	17.43
411.752	16.27
412.111	14.13
412.469	14.27
412.827	14.62
413.185	12.28
413.543	11.96
413.901	11.14
414.259	12.75
414.617	14.73
414.975	14.85
415.333	16.52
415.69	15.55
416.048	17.98
416.406	20.03
416.763	20.96
417.121	23.13
417.479	25.31
417.836	28.16
418.194	28.76
418.551	29.2
418.909	30.04
419.266	30.02
419.623	32.57
419.981	31.66
420.338	31.09
420.695	29.71
421.052	30.59
421.409	30.36
421.766	29.7
422.123	29.55
422.48	28.77
422.837	29.47
423.194	30.34
423.551	29.36
423.908	25.87
424.265	26.62
424.621	28.86
424.978	30.13
425.335	31.55
425.691	31.83
426.048	33.12
426.404	33.3
426.761	33.03
427.117	34.65
427.474	33.83
427.83	37.98
428.186	35.7
428.543	35.68
428.899	34.38
429.255	33.37
429.611	31.69
429.967	31.49
430.323	32.47
430.679	33.43
431.035	33.18
431.391	35.84
431.747	36.09
432.103	38
432.459	36.63
432.815	38.3
433.17	38.7
433.526	41.44
433.882	41.2
434.237	41.8
434.593	42.65
434.948	42.54
435.304	43.5
435.659	43.39
436.014	43.82
436.37	45
436.725	45.2
437.08	44.75
437.436	44.81
437.791	45.03
438.146	43.66
438.501	44.78
438.856	44.46
439.211	45.06
439.566	45.96
439.921	45.54
440.276	46.66
440.63	45.69
440.985	47.34
441.34	47.74
441.695	51.26
442.049	53.55
442.404	51.62
442.758	52.79
443.113	52
443.467	52.56
443.822	54.36
444.176	54.76
444.531	55.6
444.885	55.86
445.239	57.07
445.593	55.77
445.948	55.76
446.302	57.67
446.656	58.56
447.01	57.48
447.364	56.75
447.718	54.8
448.072	56.2
448.426	53.84
448.779	51.85
449.133	49.88
449.487	52.8
449.841	53.36
450.194	55.09
450.548	52.58
450.902	54.77
451.255	55.89
451.609	58.77
451.962	58.53
452.315	60.84
452.669	62.74
453.022	63.74
453.375	61.33
453.729	62.76
454.082	61.64
454.435	64.17
454.788	63.36
455.141	63.95
455.494	63.81
455.847	64.42
456.2	63.94
456.553	63.55
456.906	63.55
457.258	62.66
457.611	60.1
457.964	58.49
458.316	58.99
458.669	59.32
459.022	59.11
459.374	61.12
459.727	58.17
460.079	59.63
460.432	60.74
460.784	60.58
461.136	60.73
461.488	61.06
461.841	63.3
462.193	63.59
462.545	65.87
462.897	64.96
463.249	66.03
463.601	67.93
463.953	66.79
464.305	67.8
464.657	68.62
465.009	70.03
465.361	69.57
465.712	67.96
466.064	68.26
466.416	68.11
466.767	69.55
467.119	68.18
467.47	68.78
467.822	69.64
468.173	70.21
468.525	71.8
468.876	73.21
469.227	74.49
469.579	75.5
469.93	74.88
470.281	72.1
470.632	71.98
470.983	69.62
471.334	70.9
471.685	71.37
472.036	70.78
472.387	71.21
472.738	68.54
473.089	69.29
473.44	68.99
473.79	66.83
474.141	68.12
474.492	68.44
474.842	70.81
475.193	68.36
475.543	68.13
475.894	67.51
476.244	66.91
476.595	68.55
476.945	67.25
477.295	68.43
477.645	71.65
477.996	72.07
478.346	72.33
478.696	70.3
479.046	73.3
479.396	74.69
479.746	72.93
480.096	72.74
480.446	75.64
480.796	77.21
481.145	80.25
481.495	79.94
481.845	82.47
482.195	83.75
482.544	86.76
482.894	87.26
483.243	90.33
483.593	94.38
483.942	98.21
484.292	99.51
484.641	104.23
484.99	103.58
485.34	107.57
485.689	111.21
486.038	113.19
486.387	119.1
486.736	124.64
487.085	128.21
487.434	134.35
487.783	137.6
488.132	140.5
488.481	144.94
488.83	151.86
489.179	158.24
489.527	165.87
489.876	173.35
490.225	180.18
490.573	188.98
490.922	195.73
491.27	205.91
491.619	217.24
491.967	230.47
492.316	242.94
492.664	255.4
493.012	268.69
493.361	281.25
493.709	298.31
494.057	314.13
494.405	330.76
494.753	352.71
495.101	369.48
495.449	390.01
495.797	411.29
496.145	431.86
496.493	459.37
496.84	488.08
497.188	518.85
497.536	549.56
497.884	583.32
498.231	619.03
498.579	656.1
498.926	698.81
499.274	742.53
499.621	788.95
499.969	843.84
500.316	896.62
500.663	953.77
501.01	1013.86
501.358	1083.09
501.705	1153.69
502.052	1226.69
502.399	1300.77
502.746	1384.78
503.093	1471.84
503.44	1569.85
503.787	1668.26
504.134	1772.87
504.481	1885.7
504.827	2007.64
505.174	2128.44
505.521	2263.84
505.867	2407.93
506.214	2566.44
506.56	2725.72
506.907	2897.25
507.253	3073.39
507.6	3264.39
507.946	3467.25
508.292	3678.7
508.639	3902.91
508.985	4140.92
509.331	4395.57
509.677	4671.86
510.023	4965.31
510.369	5279.05
510.715	5614.84
511.061	5976.17
511.407	6358.24
511.753	6776.17
512.099	7220.36
512.444	7690.68
512.79	8204.5
513.136	8738.63
513.481	9310.58
513.827	9918.84
514.172	10568.53
514.518	11267.44
514.863	12004.15
515.209	12773.48
515.554	13582.22
515.899	14427.05
516.245	15310.53
516.59	16216.66
516.935	17169.32
517.28	18135.23
517.625	19119.75
517.97	20125.26
518.315	21101.82
518.66	22092.22
519.005	23081.22
519.35	24045.74
519.695	24981.74
520.039	25894.61
520.384	26770.51
520.729	27569.64
521.073	28339.13
521.418	29036.05
521.762	29649.22
522.107	30216.75
522.451	30690.53
522.796	31094.39
523.14	31429.43
523.484	31680.36
523.829	31855.04
524.173	31957.61
524.517	31980.76
524.861	31929.18
525.205	31830.45
525.549	31674.58
525.893	31473.73
526.237	31216.86
526.581	30907.88
526.925	30561.53
527.269	30189.91
527.612	29795.6
527.956	29368.26
528.3	28951.89
528.643	28498.78
528.987	28038.62
529.33	27564.63
529.674	27083.34
530.017	26615.88
530.36	26161.07
530.704	25689.26
531.047	25243.13
531.39	24787.16
531.733	24341.39
532.077	23903.74
532.42	23487.38
532.763	23071.11
533.106	22674.44
533.449	22283.72
533.792	21906.32
534.134	21535.19
534.477	21173.24
534.82	20812.68
535.163	20468
535.505	20130.93
535.848	19802.98
536.191	19491.42
536.533	19181.32
536.876	18888.8
537.218	18594.27
537.56	18304.35
537.903	18006.61
538.245	17734.47
538.587	17475.26
538.93	17206.69
539.272	16950.11
539.614	16709.4
539.956	16461.08
540.298	16218.87
540.64	15992.43
540.982	15776.36
541.324	15559.62
541.666	15363.82
542.007	15166.86
542.349	14967.17
542.691	14783.98
543.032	14609.26
543.374	14418.44
543.716	14255.15
544.057	14100.84
544.398	13941.01
544.74	13782.17
545.081	13637.93
545.423	13503.47
545.764	13369.52
546.105	13243.15
546.446	13121.84
546.787	13006.25
547.128	12908.32
547.469	12801.7
547.81	12704.06
548.151	12616.79
548.492	12539.48
548.833	12458.2
549.174	12387.23
549.515	12326.79
549.855	12257.91
550.196	12196.87
550.537	12146.8
550.877	12094.75
551.218	12042.87
551.558	11996.57
551.899	11946.51
552.239	11897.1
552.579	11851.75
552.92	11789.65
553.26	11737.75
553.6	11689.33
553.94	11636.36
554.28	11575.19
554.62	11517.89
554.96	11460.62
555.3	11389.24
555.64	11321.19
555.98	11243.18
556.32	11173.55
556.66	11099.16
556.999	11017.7
557.339	10932.09
557.679	10846.98
558.018	10754.5
558.358	10657.34
558.697	10558.41
559.037	10465.61
559.376	10366.99
559.715	10278.36
560.055	10168.82
560.394	10069.85
560.733	9955.61
561.072	9846.66
561.411	9734.85
561.75	9623.75
562.089	9510.41
562.428	9399.99
562.767	9288.35
563.106	9165.38
563.445	9041.81
563.784	8924.09
564.122	8800.91
564.461	8691.64
564.8	8578.57
565.138	8462.8
565.477	8353.43
565.815	8242.43
566.154	8126.15
566.492	8021
566.83	7921.44
567.169	7823.78
567.507	7735.34
567.845	7640.36
568.183	7549.03
568.521	7464.43
568.859	7378.59
569.197	7293.01
569.535	7217.26
569.873	7143.23
570.211	7063.49
570.549	6989.89
570.887	6921.69
571.224	6846.72
571.562	6788.85
571.9	6721.97
572.237	6659.12
572.575	6610.09
572.912	6557.72
573.25	6502.51
573.587	6451.49
573.924	6405.84
574.262	6362.2
574.599	6313.43
574.936	6274.12
575.273	6235.91
575.61	6200.74
575.947	6162.19
576.284	6124.25
576.621	6090.85
576.958	6052.41
577.295	6021.34
577.632	5985.46
577.969	5952.99
578.305	5923.16
578.642	5888.25
578.979	5853.9
579.315	5821.51
579.652	5789.02
579.988	5750.05
580.325	5716.19
580.661	5682.64
580.997	5640.51
581.334	5603.36
581.67	5554.76
582.006	5506.17
582.342	5459
582.678	5403.24
583.014	5348.51
583.35	5295.23
583.686	5242.6
584.022	5179.57
584.358	5120.7
584.694	5062.13
585.029	4992.3
585.365	4930.15
585.701	4868.37
586.036	4799.1
586.372	4733.25
586.707	4664.98
587.043	4597.5
587.378	4524.98
587.714	4456.04
588.049	4386.92
588.384	4313.32
588.719	4246.79
589.054	4175.67
589.39	4106.09
589.725	4041.37
590.06	3973
590.395	3903.58
590.729	3833.5
591.064	3768.49
591.399	3702.39
591.734	3634.74
592.069	3572.53
592.403	3510.28
592.738	3446.66
593.073	3382.65
593.407	3321.59
593.742	3264.57
594.076	3207.46
594.41	3150.4
594.745	3094.95
595.079	3043.04
595.413	2992.72
595.747	2941
596.081	2889.31
596.416	2845.1
596.75	2800.22
597.084	2755.63
597.418	2709.32
597.751	2664.72
598.085	2621.47
598.419	2583.35
598.753	2542.2
599.086	2503.02
599.42	2461.83
599.754	2426.31
600.087	2385.73
600.421	2351.04
600.754	2314.86
601.088	2279.57
601.421	2246.28
601.754	2215.03
602.088	2177.36
602.421	2143.3
602.754	2111.98
603.087	2084.18
603.42	2052.51
603.753	2026.1
604.086	1995.3
604.419	1966.65
604.752	1940.83
605.085	1916.3
605.417	1888.61
605.75	1861.6
606.083	1836.72
606.415	1812.48
606.748	1786.89
607.08	1764.67
607.413	1743.36
607.745	1721.95
608.078	1701.02
608.41	1675.15
608.742	1652.34
609.074	1631.38
609.407	1613.61
609.739	1594.1
610.071	1574.77
610.403	1557.41
610.735	1538.09
611.067	1515.11
611.399	1495.45
611.73	1474.83
612.062	1461.5
612.394	1443.11
612.726	1427.6
613.057	1409.29
613.389	1392.72
613.72	1376.22
614.052	1356.98
614.383	1336.98
614.715	1324.49
615.046	1309.56
615.377	1297.04
615.708	1280.29
616.04	1265.8
616.371	1248.66
616.702	1234.76
617.033	1224.25
617.364	1211.63
617.695	1200.38
618.026	1193.11
618.356	1179.73
618.687	1169.34
619.018	1158.99
619.349	1149.62
619.679	1140.96
620.01	1133.7
620.34	1123.59
620.671	1109.86
621.001	1099.31
621.332	1090.07
621.662	1079.29
621.992	1071.86
622.322	1059.74
622.653	1049.96
622.983	1040.96
623.313	1030.51
623.643	1020.98
623.973	1015.53
624.303	1008.83
624.633	1001.49
624.962	995.04
625.292	987.3
625.622	978.52
625.952	971.12
626.281	967.01
626.611	960.03
626.94	952.01
627.27	943.16
627.599	933.69
627.929	924.68
628.258	914.86
628.587	906.7
628.916	898.32
629.246	890.93
629.575	882.74
629.904	870.26
630.233	861.38
630.562	854.69
630.891	848.38
631.22	844.01
631.548	836.13
631.877	831.78
632.206	824.37
632.535	819.22
632.863	812.01
633.192	807.24
633.52	801.36
633.849	794.07
634.177	787.36
634.506	781.94
634.834	771.58
635.162	766.54
635.49	758.77
635.819	750.49
636.147	741.99
636.475	735.4
636.803	729.81
637.131	724.2
637.459	716.65
637.787	711.14
638.114	702.39
638.442	695.59
638.77	688.9
639.098	682.45
639.425	676.85
639.753	671.41
640.08	663.17
640.408	655.15
640.735	645.2
641.062	638.68
641.39	628.75
641.717	619.22
642.044	612
642.371	603.41
642.699	595.32
643.026	587.49
643.353	577.11
643.68	569.37
644.006	557.65
644.333	550.83
644.66	541.88
644.987	532.81
645.314	525.97
645.64	515.06
645.967	504.96
646.293	493.38
646.62	482.63
646.946	475.56
647.273	466.34
647.599	460.82
647.925	451.81
648.252	444.24
648.578	435.44
648.904	428.25
649.23	422.26
649.556	414.06
649.882	407.61
650.208	402.27
650.534	392.71
650.86	385.81
651.185	378.66
651.511	372.83
651.837	365.86
652.162	360.37
652.488	352.72
652.814	347.27
653.139	340.99
653.464	332.96
653.79	324.54
654.115	321.89
654.44	315.91
654.766	309.91
655.091	302.28
655.416	298.57
655.741	293.37
656.066	288.8
656.391	282.89
656.716	279.98
657.041	278.6
657.366	275.46
657.69	268.72
658.015	266.9
658.34	262.9
658.664	258.86
658.989	254.61
659.313	250.5
659.638	248.77
659.962	244.97
660.286	241.85
660.611	238.73
660.935	236.33
661.259	234.34
661.583	227.76
661.907	224.24
662.231	221.66
662.555	216.61
662.879	213.51
663.203	207.63
663.527	206.05
663.851	205.53
664.175	200.81
664.498	197.3
664.822	192.68
665.145	188.4
665.469	183.73
665.792	181.53
666.116	180.13
666.439	178.41
666.763	176.86
667.086	172.49
667.409	166.36
667.732	162.83
668.055	160.62
668.378	158.76
668.701	159.59
669.024	158.42
669.347	156.12
669.67	153.31
669.993	149.85
670.316	147.15
670.638	145.3
670.961	144.42
671.283	142.75
671.606	142.39
671.928	139.46
672.251	138.04
672.573	137.94
672.896	136.05
673.218	135.42
673.54	135.03
673.862	134.9
674.184	134.25
674.506	131.85
674.828	130.74
675.15	128.39
675.472	127.32
675.794	125.37
676.116	122.84
676.438	120.31
676.759	117.79
677.081	117.81
677.403	116.75
677.724	116.23
678.046	114.86
678.367	114.44
678.689	111.11
679.01	111.38
679.331	109.51
679.652	106.53
679.974	105.47
680.295	105.26
680.616	103.15
680.937	101.6
681.258	100.3
681.579	99.29
681.9	96.76
682.22	95.1
682.541	94.68
682.862	95.3
683.183	95.37
683.503	95.32
683.824	92.46
684.144	91.21
684.465	90.23
684.785	87.56
685.105	86.37
685.426	84.4
685.746	84.94
686.066	84.59
686.386	83.36
686.706	81.03
687.026	81.53
687.346	82.22
687.666	81.71
687.986	82.02
688.306	80.22
688.626	81.1
688.945	84.75
689.265	82.48
689.585	79.37
689.904	77.66
690.224	78.26
690.543	77
690.862	75.76
691.182	74.85
691.501	71.84
691.82	74.64
692.139	72.99
692.459	67.89
692.778	68.6
693.097	69.11
693.416	69.14
693.735	67.37
694.053	67.39
694.372	65.04
694.691	63.83
695.01	64.6
695.328	62.56
695.647	61.37
695.966	63.58
696.284	63.64
696.602	62.95
696.921	61.83
697.239	62.31
697.557	60.84
697.876	61.27
698.194	59.4
698.512	55.97
698.83	54.27
699.148	52.33
699.466	51.09
699.784	50.88
