Data from Sub Rng3__3__183.txt Node

399.908	15.61
400.268	18.52
400.627	17.9
400.987	15.44
401.346	18.71
401.706	20.65
402.065	37.32
402.424	86.04
402.784	219.56
403.143	487.35
403.502	874.76
403.861	1149.07
404.221	1311.18
404.58	1401.72
404.939	1447.06
405.298	1459.82
405.657	1462.27
406.015	1448.51
406.374	1401.59
406.733	1271.95
407.092	1005.85
407.451	619.91
407.809	346.71
408.168	183.74
408.527	92.74
408.885	48.5
409.244	34.42
409.602	28.62
409.961	27.42
410.319	26.21
410.678	22.79
411.036	21.1
411.394	17.44
411.752	16.19
412.111	15.95
412.469	15.88
412.827	15.06
413.185	13.45
413.543	12.21
413.901	9.35
414.259	7.4
414.617	11.13
414.975	11.2
415.333	13.69
415.69	14.79
416.048	14.67
416.406	15.39
416.763	16.01
417.121	17.84
417.479	20.51
417.836	23.88
418.194	25.05
418.551	24.66
418.909	28.9
419.266	28.31
419.623	27.86
419.981	28.66
420.338	28.37
420.695	26.7
421.052	26.78
421.409	26.65
421.766	25.31
422.123	26.09
422.48	25.43
422.837	23.81
423.194	26.07
423.551	28.27
423.908	27.34
424.265	27.39
424.621	28.47
424.978	26.85
425.335	26.38
425.691	28.47
426.048	27.59
426.404	29.47
426.761	28.09
427.117	28.11
427.474	25.23
427.83	23.82
428.186	22.16
428.543	24.14
428.899	26.4
429.255	27.86
429.611	26.31
429.967	26.98
430.323	28.24
430.679	30.26
431.035	29.13
431.391	29.29
431.747	32.51
432.103	33.28
432.459	31.14
432.815	34.06
433.17	35.09
433.526	37.92
433.882	38.99
434.237	38.16
434.593	39.65
434.948	40.53
435.304	44.54
435.659	45.72
436.014	47.24
436.37	49.49
436.725	46.81
437.08	47.25
437.436	46.42
437.791	44.35
438.146	43.27
438.501	41.49
438.856	41.39
439.211	40.33
439.566	36.62
439.921	37.98
440.276	38.82
440.63	38.01
440.985	38.6
441.34	39.84
441.695	44.99
442.049	46.96
442.404	47.7
442.758	48.71
443.113	49.61
443.467	52.04
443.822	53.23
444.176	52.93
444.531	53.95
444.885	51.87
445.239	51.16
445.593	48.87
445.948	49.8
446.302	52.47
446.656	53.34
447.01	52.19
447.364	51.36
447.718	49.27
448.072	52.98
448.426	54.03
448.779	53.89
449.133	53.83
449.487	56.29
449.841	54.64
450.194	54.15
450.548	52.29
450.902	53.16
451.255	55.14
451.609	57.03
451.962	54.5
452.315	53.29
452.669	56.68
453.022	56.22
453.375	53.76
453.729	56.36
454.082	55.14
454.435	56.79
454.788	56.24
455.141	56.55
455.494	55.82
455.847	57.01
456.2	56.03
456.553	55.6
456.906	56.29
457.258	58.16
457.611	56.58
457.964	55.96
458.316	55.06
458.669	55.42
459.022	56.28
459.374	57.35
459.727	55.43
460.079	58.2
460.432	59.18
460.784	60.16
461.136	58.23
461.488	55.89
461.841	58.06
462.193	59.16
462.545	61.07
462.897	58.53
463.249	61.24
463.601	62.06
463.953	60.1
464.305	59.89
464.657	60.45
465.009	63.17
465.361	64.01
465.712	63.18
466.064	63.48
466.416	63.56
466.767	66.13
467.119	63.99
467.47	64.61
467.822	66.4
468.173	65.81
468.525	67.76
468.876	68.31
469.227	71.02
469.579	72.36
469.93	71.57
470.281	70.22
470.632	69.93
470.983	68
471.334	68.4
471.685	67.05
472.036	67.66
472.387	66.98
472.738	65.3
473.089	64.25
473.44	64.59
473.79	64.95
474.141	66.61
474.492	65.07
474.842	67.66
475.193	66.17
475.543	66.99
475.894	66.11
476.244	64.31
476.595	65.49
476.945	67.82
477.295	68.4
477.645	69.64
477.996	67.9
478.346	69.38
478.696	68.18
479.046	69.95
479.396	71.45
479.746	70.21
480.096	70.96
480.446	70.32
480.796	70.98
481.145	71.99
481.495	72.89
481.845	74.88
482.195	76.87
482.544	79.8
482.894	81.36
483.243	84.3
483.593	86.69
483.942	90.36
484.292	93.85
484.641	94.92
484.99	94.88
485.34	97.94
485.689	102.83
486.038	105.38
486.387	107.71
486.736	112.6
487.085	117.3
487.434	124.86
487.783	128.14
488.132	134.67
488.481	140.26
488.83	146.29
489.179	153.22
489.527	159
489.876	164.14
490.225	171.17
490.573	179.95
490.922	186.69
491.27	194.33
491.619	203.38
491.967	212.08
492.316	223.8
492.664	234.1
493.012	243.92
493.361	255.45
493.709	273.05
494.057	288.91
494.405	304.44
494.753	319.81
495.101	337.75
495.449	359.31
495.797	379.24
496.145	399.64
496.493	424.34
496.84	451.13
497.188	478.27
497.536	503.92
497.884	533.46
498.231	563.97
498.579	598.63
498.926	636.06
499.274	674.39
499.621	716.16
499.969	762.23
500.316	811.22
500.663	863.72
501.01	915.61
501.358	977.8
501.705	1039.32
502.052	1106.56
502.399	1176.13
502.746	1250.54
503.093	1329.73
503.44	1416.72
503.787	1508.44
504.134	1601.2
504.481	1702.84
504.827	1811.41
505.174	1922.73
505.521	2043.99
505.867	2171.69
506.214	2308.74
506.56	2450.47
506.907	2601.42
507.253	2760.3
507.6	2929.84
507.946	3113.47
508.292	3300.58
508.639	3504.7
508.985	3718.19
509.331	3951.72
509.677	4196.07
510.023	4459.68
510.369	4742.25
510.715	5040.8
511.061	5362.5
511.407	5701.49
511.753	6070.36
512.099	6462.5
512.444	6883.62
512.79	7334.95
513.136	7810.72
513.481	8322.96
513.827	8860.95
514.172	9428.29
514.518	10047.49
514.863	10698.64
515.209	11378.08
515.554	12088.57
515.899	12834.63
516.245	13609.88
516.59	14407.99
516.935	15236.62
517.28	16077.1
517.625	16945.21
517.97	17833.41
518.315	18687.29
518.66	19552.09
519.005	20419.19
519.35	21258.81
519.695	22079.35
520.039	22862.55
520.384	23616.74
520.729	24321.36
521.073	24984.36
521.418	25585.69
521.762	26113.43
522.107	26594.74
522.451	26996.39
522.796	27344.15
523.14	27625.17
523.484	27830
523.829	27979.57
524.173	28060.69
524.517	28070.25
524.861	28027.68
525.205	27925.53
525.549	27782.76
525.893	27603.26
526.237	27375.79
526.581	27092.51
526.925	26788.15
527.269	26464.13
527.612	26113.64
527.956	25744.11
528.3	25367.65
528.643	24967.91
528.987	24567.94
529.33	24158.38
529.674	23738.72
530.017	23327.03
530.36	22933.13
530.704	22519.01
531.047	22123.49
531.39	21726.82
531.733	21335.06
532.077	20950.31
532.42	20586.33
532.763	20219.55
533.106	19858.9
533.449	19515.5
533.792	19180.25
534.134	18846.47
534.477	18530.49
534.82	18217.51
535.163	17918.72
535.505	17623.76
535.848	17341.69
536.191	17063.38
536.533	16793.25
536.876	16540.49
537.218	16283.23
537.56	16042.06
537.903	15788.2
538.245	15557.44
538.587	15333
538.93	15103.8
539.272	14883.67
539.614	14671.25
539.956	14458.23
540.298	14253.23
540.64	14055.08
540.982	13872.95
541.324	13680.11
541.666	13507.44
542.007	13334.31
542.349	13164.3
542.691	13000.76
543.032	12844.11
543.374	12687.66
543.716	12541.76
544.057	12405.87
544.398	12270.87
544.74	12129.99
545.081	12010.49
545.423	11893.74
545.764	11781.48
546.105	11664.71
546.446	11564.59
546.787	11470.46
547.128	11383.61
547.469	11303.11
547.81	11221.65
548.151	11151.41
548.492	11090.06
548.833	11019.81
549.174	10960.71
549.515	10908.01
549.855	10861.3
550.196	10807.45
550.537	10761.31
550.877	10716.46
551.218	10672.54
551.558	10636.28
551.899	10593.01
552.239	10554.46
552.579	10517.11
552.92	10473.95
553.26	10426.87
553.6	10383.83
553.94	10342.14
554.28	10305.07
554.62	10258.42
554.96	10211.2
555.3	10155.93
555.64	10102.03
555.98	10043.06
556.32	9990.95
556.66	9933.39
556.999	9881.46
557.339	9816.59
557.679	9754.2
558.018	9676.65
558.358	9608.9
558.697	9535.88
559.037	9469.15
559.376	9393.94
559.715	9322.48
560.055	9238.39
560.394	9159.79
560.733	9076.37
561.072	8991.72
561.411	8909.56
561.75	8833.55
562.089	8746.54
562.428	8663.01
562.767	8579.49
563.106	8491.17
563.445	8407.86
563.784	8329.8
564.122	8253.17
564.461	8182.91
564.8	8114.28
565.138	8052.08
565.477	7986.92
565.815	7929
566.154	7865.2
566.492	7808.77
566.83	7763.31
567.169	7712.4
567.507	7670.32
567.845	7629.64
568.183	7587.67
568.521	7557.41
568.859	7522.38
569.197	7494.6
569.535	7473.75
569.873	7462.58
570.211	7449.02
570.549	7443.5
570.887	7449
571.224	7449.12
571.562	7454.34
571.9	7461.34
572.237	7471.25
572.575	7491.71
572.912	7515.07
573.25	7540.76
573.587	7566.41
573.924	7601.62
574.262	7632.65
574.599	7661.54
574.936	7698.73
575.273	7741.13
575.61	7789.75
575.947	7831.37
576.284	7873.48
576.621	7918.29
576.958	7964.49
577.295	8006.77
577.632	8051.27
577.969	8098.47
578.305	8144.7
578.642	8180.62
578.979	8213.44
579.315	8241.92
579.652	8277.12
579.988	8300.35
580.325	8319.29
580.661	8331.85
580.997	8341.94
581.334	8337.08
581.67	8331.17
582.006	8309.96
582.342	8296.63
582.678	8272.82
583.014	8234.9
583.35	8190.22
583.686	8144.33
584.022	8083.82
584.358	8017.18
584.694	7955.54
585.029	7881.47
585.365	7803.7
585.701	7726.29
586.036	7635.23
586.372	7538.13
586.707	7449.62
587.043	7347.79
587.378	7241.88
587.714	7138.88
588.049	7031.14
588.384	6914.97
588.719	6802.72
589.054	6681.26
589.39	6567.2
589.725	6448.48
590.06	6328.96
590.395	6205.01
590.729	6090.03
591.064	5975.12
591.399	5859.94
591.734	5749.63
592.069	5632.25
592.403	5522.73
592.738	5411.97
593.073	5302.42
593.407	5199.95
593.742	5102.79
594.076	5001.27
594.41	4900.01
594.745	4800.26
595.079	4704.88
595.413	4607.66
595.747	4521.38
596.081	4432.26
596.416	4349.56
596.75	4262.8
597.084	4180.79
597.418	4101.18
597.751	4022.58
598.085	3946.93
598.419	3877.46
598.753	3806.28
599.086	3739.29
599.42	3671.6
599.754	3606.13
600.087	3543.65
600.421	3485.89
600.754	3426
601.088	3364.58
601.421	3308.6
601.754	3256.94
602.088	3197.55
602.421	3145.03
602.754	3095.16
603.087	3045.48
603.42	2997.69
603.753	2950.41
604.086	2903.65
604.419	2858.87
604.752	2816.63
605.085	2775.57
605.417	2734.33
605.75	2697.28
606.083	2658.49
606.415	2619.62
606.748	2582.83
607.08	2546.57
607.413	2511.15
607.745	2476.4
608.078	2445.47
608.41	2411.35
608.742	2379.47
609.074	2348.73
609.407	2319.85
609.739	2290.25
610.071	2262.2
610.403	2236.03
610.735	2210.59
611.067	2182.54
611.399	2158.15
611.73	2132.53
612.062	2111.04
612.394	2088.69
612.726	2066.3
613.057	2044.02
613.389	2022.24
613.72	2002.01
614.052	1983.09
614.383	1961.42
614.715	1944.81
615.046	1925.59
615.377	1908.14
615.708	1894.66
616.04	1878.97
616.371	1859.66
616.702	1847.35
617.033	1836.65
617.364	1824.87
617.695	1809.09
618.026	1797.43
618.356	1786.05
618.687	1777.67
619.018	1770.02
619.349	1758.14
619.679	1750.45
620.01	1746.12
620.34	1736.21
620.671	1728.05
621.001	1720.37
621.332	1715.77
621.662	1708.62
621.992	1701.37
622.322	1692.07
622.653	1683.42
622.983	1676.66
623.313	1668.99
623.643	1659.41
623.973	1654.13
624.303	1647.99
624.633	1641.46
624.962	1637.09
625.292	1632.94
625.622	1626.02
625.952	1620.4
626.281	1613.59
626.611	1608.63
626.94	1602.6
627.27	1596.83
627.599	1590.41
627.929	1585.08
628.258	1575.69
628.587	1565.86
628.916	1556.51
629.246	1549.19
629.575	1540.52
629.904	1533.24
630.233	1523.31
630.562	1515.72
630.891	1507.93
631.22	1499.24
631.548	1487.47
631.877	1482.43
632.206	1473.88
632.535	1468.68
632.863	1462.59
633.192	1458.43
633.52	1450.76
633.849	1442.77
634.177	1435.06
634.506	1427.34
634.834	1419
635.162	1411.15
635.49	1400.89
635.819	1392.08
636.147	1380.68
636.475	1371.08
636.803	1359.73
637.131	1349
637.459	1337.16
637.787	1325.58
638.114	1313.33
638.442	1299.81
638.77	1286.03
639.098	1275.26
639.425	1261.9
639.753	1248.45
640.08	1233.18
640.408	1218.42
640.735	1203.05
641.062	1188.62
641.39	1173.06
641.717	1158.02
642.044	1141.83
642.371	1127.86
642.699	1111.64
643.026	1094.99
643.353	1080.87
643.68	1063.88
644.006	1045.3
644.333	1029.47
644.66	1012.03
644.987	994.67
645.314	979.65
645.64	965.09
645.967	948.6
646.293	929.47
646.62	911.12
646.946	893.6
647.273	876.57
647.599	861.88
647.925	843.26
648.252	829.2
648.578	811.73
648.904	795.62
649.23	777.55
649.556	759.06
649.882	743.29
650.208	731.25
650.534	714.84
650.86	702.46
651.185	687.51
651.511	675.63
651.837	662.77
652.162	649.7
652.488	637.51
652.814	630.34
653.139	618.86
653.464	608.27
653.79	593.22
654.115	584.8
654.44	573.79
654.766	565.61
655.091	554.37
655.416	542.68
655.741	532.94
656.066	522.74
656.391	509
656.716	500.85
657.041	492.11
657.366	487.2
657.69	477.73
658.015	470.33
658.34	462.43
658.664	454.98
658.989	450.73
659.313	443.19
659.638	435.07
659.962	429.91
660.286	424.17
660.611	417.23
660.935	409.28
661.259	402.56
661.583	392.77
661.907	383.15
662.231	378.24
662.555	368.44
662.879	363.66
663.203	357.46
663.527	350.22
663.851	343.79
664.175	338.64
664.498	334.99
664.822	328.57
665.145	324.02
665.469	318.96
665.792	312.37
666.116	309.21
666.439	305.86
666.763	301.59
667.086	297.02
667.409	293.46
667.732	287.84
668.055	284.83
668.378	281.61
668.701	280.87
669.024	278.36
669.347	276.57
669.67	269.51
669.993	263.76
670.316	261.43
670.638	259
670.961	256.11
671.283	254.93
671.606	250.62
671.928	246.24
672.251	242.96
672.573	239.3
672.896	233.86
673.218	235.07
673.54	233.12
673.862	229.79
674.184	225.18
674.506	221.57
674.828	217.82
675.15	215.03
675.472	212.37
675.794	208.71
676.116	206.4
676.438	205.8
676.759	201.84
677.081	200.24
677.403	199.08
677.724	196.39
678.046	194.24
678.367	193.2
678.689	189.71
679.01	188.95
679.331	185.46
679.652	184.08
679.974	180.79
680.295	179.28
680.616	178.36
680.937	175.84
681.258	178.91
681.579	178.33
681.9	175.51
682.22	173.78
682.541	172.8
682.862	173.27
683.183	170.97
683.503	171.67
683.824	169.98
684.144	167.38
684.465	167.12
684.785	160.78
685.105	157.45
685.426	155.38
685.746	154.42
686.066	152.53
686.386	152.57
686.706	151.09
687.026	148.41
687.346	148.11
687.666	146.86
687.986	144.92
688.306	145.53
688.626	146.36
688.945	146.88
689.265	144.06
689.585	140.22
689.904	136.76
690.224	134.08
690.543	131.95
690.862	131.06
691.182	131.5
691.501	128.74
691.82	128.72
692.139	128.28
692.459	124.94
692.778	126.33
693.097	127.9
693.416	127.43
693.735	125.52
694.053	125.22
694.372	120.75
694.691	118.88
695.01	117.77
695.328	115.52
695.647	112.09
695.966	112.75
696.284	110.61
696.602	108.97
696.921	107.85
697.239	108.78
697.557	107.03
697.876	108.58
698.194	106.63
698.512	104.7
698.83	103.23
699.148	100.08
699.466	98.42
699.784	98.02
