Channel Accuracy: 10 Bits
Measurement Range 0...5V --> Resolution: 5V/2^10 = 4.9mV
Measured Single Channel at a Frequency of 100 Hz
Time (s)	Voltage (V)
0	1.8115234375
0.009996	1.8115234375
0.02	1.8115234375
0.03	1.8115234375
0.04	1.8115234375
0.049996	1.806640625
0.06	1.8115234375
0.07	1.806640625
0.08	1.806640625
0.09	1.8115234375
0.099996	1.8115234375
0.110004	1.806640625
0.12	1.8115234375
0.13	1.806640625
0.14	1.8115234375
0.150004	1.81640625
0.160004	1.8115234375
0.17	1.8115234375
0.18	1.8115234375
0.19	1.8115234375
0.2	1.8115234375
0.21	1.8115234375
0.22	1.806640625
0.23	1.8115234375
0.24	1.806640625
0.25	1.806640625
0.26	1.81640625
0.27	1.8115234375
0.28	1.806640625
0.290004	1.806640625
0.3	1.8115234375
0.31	1.806640625
0.32	1.8017578125
0.33	1.806640625
0.34	1.806640625
0.35	1.8115234375
0.36	1.806640625
0.37	1.8115234375
0.38	1.806640625
0.389996	1.8115234375
0.4	1.8017578125
0.41	1.8115234375
0.42	1.8017578125
0.43	1.806640625
0.44	1.8017578125
0.450004	1.8017578125
0.460004	1.806640625
0.469996	1.796875
0.48	1.806640625
0.49	1.8017578125
0.5	1.806640625
0.51	1.806640625
0.52	1.8017578125
0.53	1.8017578125
0.540004	1.8115234375
0.55	1.8115234375
0.56	1.826171875
0.57	1.9091796875
0.58	2.1142578125
0.59	2.431640625
0.6	2.8076171875
0.61	3.134765625
0.62	3.4130859375
0.63	3.5498046875
0.64	3.5546875
0.65	3.3935546875
0.66	3.1201171875
0.670004	2.79296875
0.68	2.44140625
0.69	2.1826171875
0.699996	1.982421875
0.71	1.9677734375
0.72	2.0751953125
0.729996	2.314453125
0.74	2.626953125
0.75	2.9638671875
0.76	3.271484375
0.77	3.45703125
0.78	3.5400390625
0.790004	3.4521484375
0.800004	3.2373046875
0.81	2.9443359375
0.82	2.6220703125
0.83	2.3193359375
0.84	2.099609375
0.85	2.001953125
0.86	2.041015625
0.87	2.20703125
0.88	2.48046875
0.89	2.79296875
0.9	3.10546875
0.91	3.33984375
0.92	3.4765625
0.930004	3.4716796875
0.94	3.3203125
0.95	3.095703125
0.96	2.7880859375
0.97	2.4755859375
0.98	2.216796875
0.99	2.0703125
1.0	2.0361328125
1.01	2.138671875
1.02	2.36328125
1.029996	2.6416015625
1.04	2.9541015625
1.05	3.203125
1.06	3.3984375
1.07	3.4619140625
1.08	3.388671875
1.090004	3.1982421875
1.100004	2.9248046875
1.109996	2.63671875
1.12	2.353515625
1.13	2.1630859375
1.14	2.0703125
1.15	2.1044921875
1.16	2.265625
1.17	2.490234375
1.180004	2.822265625
1.19	3.076171875
1.2	3.3056640625
1.21	3.41796875
1.22	3.4130859375
1.23	3.271484375
1.24	3.0517578125
1.25	2.7783203125
1.26	2.490234375
1.27	2.265625
1.28	2.1240234375
1.29	2.1044921875
1.3	2.1923828125
1.310004	2.3876953125
1.32	2.6416015625
1.33	2.9296875
1.339996	3.1787109375
1.35	3.33984375
1.36	3.3984375
1.369996	3.3251953125
1.38	3.1591796875
1.39	2.9052734375
1.4	2.63671875
1.41	2.3828125
1.42	2.197265625
1.430004	2.1240234375
1.440004	2.158203125
1.45	2.3046875
1.46	2.5244140625
1.47	2.802734375
1.48	3.056640625
1.49	3.251953125
1.5	3.3642578125
1.51	3.3447265625
1.52	3.2421875
1.53	3.0322265625
1.54	2.7685546875
1.55	2.509765625
1.56	2.2998046875
1.570004	2.177734375
1.58	2.1533203125
1.59	2.2412109375
1.6	2.4267578125
1.61	2.646484375
1.62	2.919921875
1.63	3.1494140625
1.64	3.30078125
1.65	3.33984375
1.66	3.2763671875
1.669996	3.115234375
1.68	2.890625
1.69	2.646484375
1.7	2.4072265625
1.71	2.24609375
1.72	2.177734375
1.730004	2.20703125
1.740004	2.3388671875
1.749996	2.548828125
1.76	2.8173828125
1.77	3.037109375
1.78	3.2177734375
1.79	3.310546875
1.8	3.30078125
1.81	3.1884765625
1.820004	2.998046875
1.83	2.7734375
1.84	2.5146484375
1.85	2.3388671875
1.86	2.216796875
1.87	2.197265625
1.88	2.28515625
1.89	2.4560546875
1.9	2.6708984375
1.91	2.9150390625
1.92	3.125
1.93	3.251953125
1.94	3.291015625
1.950004	3.232421875
1.96	3.0712890625
1.97	2.880859375
1.979996	2.6416015625
1.99	2.421875
2.0	2.2705078125
2.009996	2.216796875
2.02	2.2509765625
2.03	2.3828125
2.04	2.5830078125
2.05	2.8076171875
2.06	3.02734375
2.070004	3.1884765625
2.080004	3.2666015625
2.09	3.2568359375
2.1	3.1494140625
2.11	2.9736328125
2.12	2.7490234375
2.13	2.5390625
2.14	2.3486328125
2.15	2.255859375
2.16	2.236328125
2.17	2.32421875
2.18	2.48046875
2.19	2.6806640625
2.2	2.91015625
2.210004	3.1005859375
2.22	3.2275390625
2.23	3.2470703125
2.24	3.18359375
2.25	3.056640625
2.26	2.8564453125
2.27	2.626953125
2.28	2.4462890625
2.29	2.3046875
2.3	2.2509765625
2.309996	2.2998046875
2.32	2.421875
2.33	2.6025390625
2.34	2.8271484375
2.35	3.0078125
2.36	3.1689453125
2.370004	3.232421875
2.380004	3.2177734375
2.389996	3.115234375
2.4	2.9443359375
2.41	2.7392578125
2.42	2.5341796875
2.43	2.373046875
2.44	2.2802734375
2.45	2.275390625
2.460004	2.36328125
2.47	2.509765625
2.48	2.724609375
2.49	2.919921875
2.5	3.0859375
2.51	3.193359375
2.52	3.2177734375
2.53	3.1591796875
2.54	3.017578125
2.55	2.8369140625
2.56	2.6220703125
2.57	2.4462890625
2.58	2.3291015625
2.590004	2.2900390625
2.6	2.333984375
2.61	2.44140625
2.619996	2.626953125
2.63	2.83203125
2.64	3.017578125
2.649996	3.14453125
2.66	3.1982421875
2.67	3.173828125
2.68	3.0712890625
2.69	2.9150390625
2.7	2.71484375
2.710004	2.5439453125
2.720004	2.392578125
2.73	2.3193359375
2.74	2.3095703125
2.75	2.40234375
2.76	2.548828125
2.77	2.7392578125
2.78	2.9296875
2.79	3.076171875
2.8	3.1787109375
2.81	3.18359375
2.82	3.1201171875
2.83	2.9833984375
2.84	2.8076171875
2.850004	2.6220703125
2.86	2.4560546875
2.87	2.34375
2.88	2.32421875
2.89	2.3681640625
2.9	2.48046875
2.91	2.6416015625
2.92	2.841796875
2.93	3.0029296875
2.94	3.1298828125
2.949996	3.173828125
2.96	3.1494140625
2.97	3.0419921875
2.98	2.8857421875
2.99	2.6953125
3.0	2.529296875
3.010004	2.4072265625
3.020004	2.333984375
3.029996	2.3486328125
3.04	2.4365234375
3.05	2.578125
3.06	2.7490234375
3.07	2.9248046875
3.08	3.06640625
3.09	3.1494140625
3.100004	3.154296875
3.11	3.0859375
3.12	2.94921875
3.13	2.783203125
3.14	2.607421875
3.15	2.4560546875
3.16	2.3681640625
3.17	2.3486328125
3.18	2.40234375
3.19	2.509765625
3.2	2.6611328125
3.21	2.861328125
3.22	3.0029296875
3.230004	3.1103515625
3.24	3.14453125
3.25	3.115234375
3.259996	3.0029296875
3.27	2.861328125
3.28	2.67578125
3.289996	2.529296875
3.3	2.4072265625
3.31	2.36328125
3.32	2.373046875
3.33	2.470703125
3.34	2.6123046875
3.350004	2.7783203125
3.360004	2.9345703125
3.37	3.0517578125
3.38	3.125
3.39	3.1201171875
3.4	3.0517578125
3.41	2.9296875
3.42	2.7685546875
3.43	2.607421875
3.44	2.470703125
3.45	2.3876953125
3.46	2.373046875
3.47	2.4365234375
3.48	2.55859375
3.490004	2.685546875
3.5	2.8662109375
3.51	3.0029296875
3.52	3.0908203125
3.53	3.1201171875
3.54	3.076171875
3.55	2.9736328125
3.56	2.8369140625
3.57	2.6708984375
3.58	2.5244140625
3.589996	2.431640625
3.6	2.3876953125
3.61	2.421875
3.62	2.5
3.63	2.6416015625
3.64	2.7978515625
3.650004	2.9345703125
3.660004	3.0517578125
3.669996	3.1005859375
3.68	3.095703125
3.69	3.0126953125
3.7	2.8955078125
3.71	2.7392578125
3.72	2.587890625
3.73	2.470703125
3.740004	2.3974609375
3.75	2.412109375
3.76	2.4609375
3.77	2.578125
3.78	2.724609375
3.79	2.87109375
3.8	2.9931640625
3.81	3.0810546875
3.82	3.1005859375
3.83	3.037109375
3.84	2.9443359375
3.85	2.8125
3.86	2.6513671875
3.870004	2.5244140625
3.88	2.44140625
3.89	2.4072265625
3.899996	2.4365234375
3.91	2.5390625
3.92	2.6611328125
3.929996	2.822265625
3.94	2.939453125
3.95	3.046875
3.96	3.0810546875
3.97	3.06640625
3.98	2.98828125
3.990004	2.8759765625
4.000004	2.7197265625
4.01	2.5830078125
4.02	2.48046875
4.03	2.4169921875
4.04	2.4267578125
4.05	2.490234375
4.06	2.6123046875
4.07	2.75390625
4.08	2.890625
4.09	3.0029296875
4.1	3.0615234375
4.11	3.0810546875
4.12	3.0126953125
4.130004	2.91015625
4.14	2.783203125
4.15	2.646484375
4.16	2.5146484375
4.17	2.451171875
4.18	2.431640625
4.19	2.4658203125
4.2	2.578125
4.21	2.685546875
4.22	2.841796875
4.229996	2.9443359375
4.24	3.0419921875
4.25	3.06640625
4.26	3.037109375
4.27	2.9541015625
4.28	2.8369140625
4.290004	2.685546875
4.300004	2.5732421875
4.309996	2.4755859375
4.32	2.44140625
4.33	2.451171875
4.34	2.5244140625
4.35	2.6318359375
4.36	2.7734375
4.37	2.9052734375
4.380004	2.998046875
4.39	3.0517578125
4.4	3.046875
4.41	2.9833984375
4.42	2.8857421875
4.43	2.75390625
4.44	2.6220703125
4.45	2.5146484375
4.46	2.4609375
4.47	2.451171875
4.48	2.490234375
4.49	2.6025390625
4.5	2.71484375
4.510004	2.8515625
4.52	2.94921875
4.53	3.037109375
4.539996	3.0517578125
4.55	3.0126953125
4.56	2.9248046875
4.569996	2.822265625
4.58	2.666015625
4.59	2.55859375
4.6	2.4853515625
4.61	2.4560546875
4.62	2.4755859375
4.630004	2.55859375
4.640004	2.65625
4.65	2.8125
4.66	2.9150390625
4.67	3.0029296875
4.68	3.037109375
4.69	3.02734375
4.7	2.958984375
4.71	2.8564453125
4.72	2.7294921875
4.73	2.6025390625
4.74	2.51953125
4.75	2.4658203125
4.76	2.4755859375
4.770004	2.51953125
4.78	2.6171875
4.79	2.744140625
4.8	2.87109375
4.81	2.958984375
4.82	3.0224609375
4.83	3.02734375
4.84	2.9736328125
4.85	2.890625
4.86	2.7783203125
4.869996	2.6513671875
4.88	2.55859375
4.89	2.4951171875
4.9	2.4755859375
4.91	2.4951171875
4.92	2.5927734375
4.930004	2.6806640625
4.940004	2.83203125
4.949996	2.919921875
4.96	2.998046875
4.97	3.0224609375
4.98	3.0029296875
4.99	2.9248046875
5.0	2.8271484375
5.01	2.6953125
5.020004	2.5927734375
5.03	2.5146484375
5.04	2.470703125
5.05	2.4951171875
5.06	2.55859375
5.07	2.6513671875
5.08	2.7783203125
5.09	2.8759765625
5.1	2.958984375
5.11	3.0126953125
5.12	3.0029296875
5.13	2.94921875
5.14	2.87109375
5.150004	2.75390625
5.16	2.63671875
5.17	2.5537109375
5.179996	2.490234375
5.19	2.4853515625
5.2	2.529296875
5.209996	2.6220703125
5.22	2.724609375
5.23	2.8515625
5.24	2.9345703125
5.25	2.998046875
5.26	3.0078125
5.270004	2.96875
5.280004	2.9052734375
5.29	2.7978515625
5.3	2.67578125
5.31	2.5830078125
5.32	2.5146484375
5.33	2.490234375
5.34	2.5146484375
5.35	2.587890625
5.36	2.6708984375
5.37	2.7978515625
5.38	2.8955078125
5.39	2.96875
5.4	2.998046875
5.410004	2.9833984375
5.42	2.9248046875
5.43	2.8466796875
5.44	2.724609375
5.45	2.6220703125
5.46	2.5537109375
5.47	2.5
5.48	2.509765625
5.49	2.568359375
5.5	2.63671875
5.509996	2.7490234375
5.52	2.861328125
5.53	2.9345703125
5.54	2.9736328125
5.55	2.98828125
5.56	2.9443359375
5.570004	2.8759765625
5.580004	2.7734375
5.589996	2.6611328125
5.6	2.5732421875
5.61	2.529296875
5.62	2.509765625
5.63	2.5390625
5.64	2.6171875
5.65	2.6953125
5.660004	2.822265625
5.67	2.9052734375
5.68	2.9638671875
5.69	2.98828125
5.7	2.9541015625
5.71	2.9052734375
5.72	2.8125
5.73	2.7001953125
5.74	2.607421875
5.75	2.5439453125
5.76	2.5048828125
5.77	2.5341796875
5.78	2.5830078125
5.790004	2.666015625
5.8	2.7734375
5.81	2.87109375
5.819996	2.939453125
5.83	2.978515625
5.84	2.9638671875
5.849996	2.9296875
5.86	2.8466796875
5.87	2.744140625
5.88	2.6416015625
5.89	2.5732421875
5.9	2.5244140625
5.910004	2.5244140625
5.920004	2.568359375
5.93	2.6416015625
5.94	2.7392578125
5.95	2.841796875
5.96	2.91015625
5.97	2.958984375
5.98	2.96875
5.99	2.939453125
6.0	2.880859375
6.01	2.783203125
6.02	2.67578125
6.03	2.5927734375
6.04	2.548828125
6.050004	2.5244140625
6.06	2.5634765625
6.07	2.6220703125
6.08	2.685546875
6.09	2.802734375
6.1	2.880859375
6.11	2.9443359375
6.12	2.9638671875
6.13	2.94921875
6.14	2.890625
6.149996	2.822265625
6.16	2.724609375
6.17	2.626953125
6.18	2.568359375
6.19	2.529296875
6.2	2.548828125
6.210004	2.5927734375
6.220004	2.65625
6.229996	2.763671875
6.24	2.8564453125
6.25	2.9150390625
6.26	2.94921875
6.27	2.94921875
6.28	2.91015625
6.29	2.8515625
6.300004	2.7587890625
6.31	2.666015625
6.32	2.5927734375
6.33	2.548828125
6.34	2.548828125
6.35	2.5732421875
6.36	2.646484375
6.37	2.734375
6.38	2.83203125
6.39	2.8955078125
6.4	2.939453125
6.41	2.94921875
6.42	2.9248046875
6.430004	2.87109375
6.44	2.783203125
6.45	2.6904296875
6.459996	2.6123046875
6.47	2.568359375
6.48	2.5439453125
6.489996	2.568359375
6.5	2.6171875
6.51	2.685546875
6.52	2.7880859375
6.53	2.8662109375
6.54	2.9248046875
6.550004	2.9345703125
6.560004	2.9443359375
6.57	2.890625
6.58	2.822265625
6.59	2.7294921875
6.6	2.6513671875
6.61	2.5927734375
6.62	2.55859375
6.63	2.5634765625
6.64	2.59765625
6.65	2.666015625
6.66	2.75390625
6.67	2.8466796875
6.68	2.900390625
6.690004	2.939453125
6.7	2.939453125
6.71	2.9052734375
6.72	2.8466796875
6.73	2.7685546875
6.74	2.6708984375
6.75	2.6025390625
6.76	2.5732421875
6.77	2.5634765625
6.78	2.587890625
6.789996	2.646484375
6.8	2.7197265625
6.81	2.8125
6.82	2.87109375
6.83	2.9248046875
6.84	2.9345703125
6.850004	2.9248046875
6.860004	2.8759765625
6.869996	2.7978515625
6.88	2.7099609375
6.89	2.626953125
6.9	2.5830078125
6.91	2.55859375
6.92	2.5732421875
6.93	2.6171875
6.940004	2.6806640625
6.95	2.7783203125
6.96	2.861328125
6.97	2.9150390625
6.98	2.9345703125
6.99	2.9248046875
7.0	2.8857421875
7.01	2.8271484375
7.02	2.7392578125
7.03	2.65625
7.04	2.6025390625
7.05	2.578125
7.06	2.578125
7.070004	2.6025390625
7.08	2.6611328125
7.09	2.75390625
7.099996	2.8369140625
7.11	2.8857421875
7.12	2.9248046875
7.129996	2.9345703125
7.14	2.900390625
7.15	2.8466796875
7.16	2.763671875
7.17	2.6806640625
7.18	2.6220703125
7.190004	2.5830078125
7.200004	2.578125
7.21	2.5927734375
7.22	2.63671875
7.23	2.7197265625
7.24	2.8076171875
7.25	2.861328125
7.26	2.91015625
7.27	2.9296875
7.28	2.9150390625
7.29	2.87109375
7.3	2.7978515625
7.31	2.705078125
7.32	2.6513671875
7.330004	2.6025390625
7.34	2.5732421875
7.35	2.587890625
7.36	2.6171875
7.37	2.6806640625
7.38	2.7734375
7.39	2.8515625
7.4	2.900390625
7.41	2.919921875
7.42	2.9150390625
7.429996	2.8759765625
7.44	2.83203125
7.45	2.7490234375
7.46	2.6611328125
7.47	2.6123046875
7.48	2.587890625
7.490004	2.587890625
7.500004	2.607421875
7.509996	2.6611328125
7.52	2.734375
7.53	2.822265625
7.54	2.8662109375
7.55	2.91015625
7.56	2.9150390625
7.57	2.8955078125
7.580004	2.841796875
7.59	2.7734375
7.6	2.685546875
7.61	2.63671875
7.62	2.59765625
7.63	2.587890625
7.64	2.607421875
7.65	2.6416015625
7.66	2.705078125
7.67	2.7880859375
7.68	2.8515625
7.69	2.900390625
7.7	2.91015625
7.710004	2.9052734375
7.72	2.8564453125
7.73	2.802734375
7.739996	2.724609375
7.75	2.65625
7.76	2.607421875
7.769996	2.587890625
7.78	2.59765625
7.79	2.6220703125
7.8	2.6904296875
7.81	2.763671875
7.82	2.83203125
7.830004	2.880859375
7.840004	2.9052734375
7.85	2.9052734375
7.86	2.880859375
7.87	2.8271484375
7.88	2.75390625
7.89	2.67578125
7.9	2.6171875
7.91	2.5927734375
7.92	2.5927734375
7.93	2.6171875
7.94	2.6611328125
7.95	2.744140625
7.96	2.8125
7.970004	2.861328125
7.98	2.8955078125
7.99	2.9052734375
8.0	2.890625
8.01	2.8369140625
8.02	2.7783203125
8.03	2.7001953125
8.04	2.6513671875
8.05	2.6025390625
8.06	2.5830078125
8.069996	2.6025390625
8.08	2.646484375
8.09	2.7099609375
8.1	2.7880859375
8.11	2.8466796875
8.12	2.8857421875
8.130004	2.9052734375
8.140004	2.8955078125
8.149996	2.8564453125
8.16	2.7978515625
8.17	2.734375
8.18	2.6611328125
8.19	2.6220703125
8.2	2.59765625
8.21	2.607421875
8.220004	2.6318359375
8.23	2.6806640625
8.24	2.75390625
8.25	2.8369140625
8.26	2.87109375
8.27	2.8955078125
8.28	2.900390625
8.29	2.87109375
8.3	2.822265625
8.31	2.763671875
8.32	2.67578125
8.33	2.63671875
8.34	2.607421875
8.350004	2.59765625
8.36	2.6220703125
8.37	2.6611328125
8.379996	2.7392578125
8.39	2.802734375
8.4	2.861328125
8.409996	2.890625
8.42	2.8857421875
8.43	2.880859375
8.44	2.83203125
8.45	2.7783203125
8.46	2.7001953125
8.470004	2.646484375
8.480004	2.6171875
8.49	2.607421875
8.5	2.6171875
8.51	2.6513671875
8.52	2.7197265625
8.53	2.7783203125
8.54	2.8369140625
8.55	2.8759765625
8.56	2.900390625
8.57	2.8759765625
8.58	2.8466796875
8.59	2.7978515625
8.6	2.744140625
8.610004	2.6708984375
8.62	2.6318359375
8.63	2.6123046875
8.64	2.6123046875
8.65	2.63671875
8.66	2.6806640625
8.67	2.75390625
8.68	2.8173828125
8.69	2.87109375
8.7	2.890625
8.709996	2.8857421875
8.72	2.87109375
8.73	2.8173828125
8.74	2.75390625
8.75	2.6806640625
8.76	2.6513671875
8.770004	2.6171875
8.780004	2.6025390625
8.789996	2.626953125
8.8	2.6611328125
8.81	2.734375
8.82	2.7978515625
8.83	2.841796875
8.84	2.880859375
8.85	2.8857421875
8.860004	2.8759765625
8.87	2.83203125
8.88	2.783203125
8.89	2.71484375
8.9	2.6611328125
8.91	2.626953125
8.92	2.6171875
8.93	2.626953125
8.94	2.65625
8.95	2.7099609375
8.96	2.7734375
8.97	2.8369140625
8.98	2.87109375
8.990004	2.8857421875
9.0	2.8759765625
9.01	2.8515625
9.019996	2.79296875
9.03	2.744140625
9.04	2.666015625
9.049996	2.6416015625
9.06	2.6171875
9.07	2.6171875
9.08	2.646484375
9.09	2.6806640625
9.1	2.75390625
9.110004	2.8173828125
9.120004	2.861328125
9.13	2.880859375
9.14	2.880859375
9.15	2.8662109375
9.16	2.8125
9.17	2.763671875
9.18	2.685546875
9.19	2.6513671875
9.2	2.626953125
9.21	2.6220703125
9.22	2.6318359375
9.23	2.6708984375
9.24	2.7392578125
9.250004	2.7978515625
9.26	2.8466796875
9.27	2.8662109375
9.28	2.8857421875
9.29	2.861328125
9.3	2.8369140625
9.31	2.783203125
9.32	2.7197265625
9.33	2.6611328125
9.34	2.6318359375
9.349996	2.6220703125
9.36	2.6318359375
9.37	2.65625
9.38	2.71484375
9.39	2.7783203125
9.4	2.83203125
9.410004	2.8564453125
9.420004	2.880859375
9.429996	2.87109375
9.44	2.8515625
9.45	2.79296875
9.46	2.744140625
9.47	2.67578125
9.48	2.6513671875
9.49	2.6318359375
9.500004	2.6220703125
9.51	2.6416015625
9.52	2.685546875
9.53	2.7490234375
9.54	2.8076171875
9.55	2.8515625
9.56	2.87109375
9.57	2.8759765625
9.58	2.861328125
9.59	2.8076171875
9.6	2.7685546875
9.61	2.6904296875
9.62	2.65625
9.630004	2.6318359375
9.64	2.6318359375
9.65	2.6416015625
9.659996	2.666015625
9.67	2.734375
9.68	2.7880859375
9.689996	2.841796875
9.7	2.87109375
9.71	2.8759765625
9.72	2.8564453125
9.73	2.83203125
9.74	2.7783203125
9.750004	2.724609375
9.760004	2.6611328125
9.77	2.6318359375
9.78	2.626953125
9.79	2.626953125
9.8	2.666015625
9.81	2.705078125
9.82	2.7783203125
9.83	2.83203125
9.84	2.8564453125
9.85	2.87109375
9.86	2.8662109375
9.87	2.841796875
9.88	2.7880859375
9.890004	2.75390625
9.9	2.6806640625
9.91	2.646484375
9.92	2.63671875
9.93	2.6318359375
9.94	2.6611328125
9.95	2.6904296875
9.96	2.7490234375
9.97	2.8076171875
9.98	2.841796875
9.989996	2.8564453125
10.0	2.87109375
10.01	2.8466796875
10.02	2.822265625
10.03	2.7685546875
10.04	2.7001953125
10.050004	2.6611328125
10.060004	2.63671875
10.069996	2.626953125
10.08	2.6318359375
10.09	2.6708984375
10.1	2.734375
10.11	2.7880859375
10.12	2.8369140625
10.13	2.8564453125
10.140004	2.8662109375
10.15	2.8515625
10.16	2.8271484375
10.17	2.783203125
10.18	2.7294921875
10.19	2.6611328125
10.2	2.6513671875
10.21	2.63671875
10.22	2.6416015625
10.23	2.67578125
10.24	2.71484375
10.25	2.7783203125
10.26	2.8173828125
10.270004	2.8515625
10.28	2.8564453125
10.29	2.861328125
10.299996	2.841796875
10.31	2.79296875
10.32	2.744140625
10.329996	2.6806640625
10.34	2.6513671875
10.35	2.63671875
10.36	2.6416015625
10.37	2.65625
10.38	2.6904296875
10.390004	2.75390625
10.400004	2.79296875
10.41	2.8369140625
10.42	2.8564453125
10.43	2.861328125
10.44	2.841796875
10.45	2.8125
10.46	2.7587890625
10.47	2.705078125
10.48	2.666015625
10.49	2.646484375
10.5	2.63671875
10.51	2.6416015625
10.52	2.67578125
10.530004	2.734375
10.54	2.783203125
10.55	2.8369140625
10.56	2.861328125
10.57	2.8564453125
10.58	2.8466796875
10.59	2.8271484375
10.6	2.7783203125
10.61	2.734375
10.62	2.67578125
10.629996	2.65625
10.64	2.6416015625
10.65	2.6416015625
10.66	2.67578125
10.67	2.7099609375
10.68	2.7685546875
10.690004	2.8125
10.700004	2.8466796875
10.709996	2.861328125
10.72	2.861328125
10.73	2.83203125
10.74	2.7880859375
10.75	2.7490234375
10.76	2.685546875
10.77	2.65625
10.780004	2.646484375
10.79	2.646484375
10.8	2.666015625
10.81	2.6953125
10.82	2.7490234375
10.83	2.7978515625
10.84	2.8369140625
10.85	2.8515625
10.86	2.8564453125
10.87	2.83203125
10.88	2.802734375
10.89	2.763671875
10.9	2.7099609375
10.910004	2.65625
10.92	2.6513671875
10.93	2.646484375
10.939996	2.646484375
10.95	2.67578125
10.96	2.734375
10.969996	2.783203125
10.98	2.822265625
10.99	2.8466796875
11.0	2.861328125
11.01	2.8515625
11.02	2.822265625
11.030004	2.7783203125
11.040004	2.7294921875
11.05	2.6708984375
11.06	2.65625
11.07	2.63671875
11.08	2.646484375
11.09	2.6708984375
11.1	2.7197265625
11.11	2.763671875
11.12	2.8076171875
11.13	2.841796875
11.14	2.8564453125
11.15	2.8515625
11.16	2.83203125
11.170004	2.783203125
11.18	2.75390625
11.19	2.6953125
11.2	2.6611328125
11.21	2.6416015625
11.22	2.6416015625
11.23	2.666015625
11.24	2.6953125
11.25	2.7490234375
11.26	2.7880859375
11.269996	2.8369140625
11.28	2.8466796875
11.29	2.8515625
11.3	2.8369140625
11.31	2.7978515625
11.32	2.763671875
11.330004	2.71484375
11.340004	2.666015625
11.349996	2.6513671875
11.36	2.6416015625
11.37	2.6611328125
11.38	2.685546875
11.39	2.734375
11.4	2.7880859375
11.41	2.8173828125
11.420004	2.8466796875
11.43	2.8466796875
11.44	2.8466796875
11.45	2.8125
11.46	2.7734375
11.47	2.744140625
11.48	2.67578125
11.49	2.666015625
11.5	2.6513671875
11.51	2.6513671875
11.52	2.67578125
11.53	2.7197265625
11.54	2.763671875
11.550004	2.802734375
11.56	2.841796875
11.57	2.841796875
11.579996	2.8466796875
11.59	2.8173828125
11.6	2.7880859375
11.609996	2.744140625
11.62	2.6953125
11.63	2.6708984375
11.64	2.65625
11.65	2.6513671875
11.66	2.666015625
11.670004	2.7099609375
11.680004	2.744140625
11.69	2.7880859375
11.7	2.8271484375
11.71	2.8466796875
11.72	2.8515625
11.73	2.8369140625
11.74	2.7978515625
11.75	2.763671875
11.76	2.7197265625
11.77	2.6708984375
11.78	2.6513671875
11.79	2.65625
11.8	2.67578125
11.810004	2.6904296875
11.82	2.734375
11.83	2.7783203125
11.84	2.8173828125
11.85	2.841796875
11.86	2.8466796875
11.87	2.841796875
11.88	2.8125
11.89	2.783203125
11.9	2.734375
11.909996	2.6806640625
11.92	2.6708984375
11.93	2.646484375
11.94	2.65625
11.95	2.6708984375
11.96	2.7197265625
11.970004	2.7685546875
11.980004	2.8076171875
11.989996	2.841796875
12.0	2.8515625
12.01	2.841796875
12.02	2.822265625
12.03	2.79296875
12.04	2.75390625
12.05	2.705078125
12.060004	2.65625
12.07	2.646484375
12.08	2.6513671875
12.09	2.67578125
12.1	2.705078125
12.11	2.7490234375
12.12	2.79296875
12.13	2.822265625
12.14	2.841796875
12.15	2.8466796875
12.16	2.83203125
12.17	2.802734375
12.18	2.7685546875
12.190004	2.724609375
12.2	2.666015625
12.21	2.6611328125
12.219996	2.6513671875
12.23	2.6611328125
12.24	2.6806640625
12.249996	2.7392578125
12.26	2.7783203125
12.27	2.8173828125
12.28	2.8369140625
12.29	2.841796875
12.3	2.8369140625
12.310004	2.8076171875
12.320004	2.7734375
12.33	2.7294921875
12.34	2.6806640625
12.35	2.6611328125
12.36	2.65625
12.37	2.6611328125
12.38	2.67578125
12.39	2.7294921875
12.4	2.7587890625
12.41	2.802734375
12.42	2.8369140625
12.43	2.841796875
12.44	2.8369140625
12.450004	2.8173828125
12.46	2.7880859375
12.47	2.744140625
12.48	2.705078125
12.49	2.6708984375
12.5	2.6611328125
12.51	2.65625
12.52	2.666015625
12.53	2.705078125
12.54	2.75390625
12.549996	2.7880859375
12.56	2.8173828125
12.57	2.83203125
12.58	2.8369140625
12.59	2.8271484375
12.6	2.79296875
12.610004	2.7587890625
12.620004	2.724609375
12.629996	2.67578125
12.64	2.65625
12.65	2.6611328125
12.66	2.666015625
12.67	2.6904296875
12.68	2.744140625
12.69	2.7783203125
12.700004	2.8125
12.71	2.83203125
12.72	2.841796875
12.73	2.83203125
12.74	2.79296875
12.75	2.783203125
12.76	2.7392578125
12.77	2.6904296875
12.78	2.666015625
12.79	2.666015625
12.8	2.666015625
12.81	2.685546875
12.82	2.724609375
12.830004	2.763671875
12.84	2.7978515625
12.85	2.8271484375
12.859996	2.841796875
12.87	2.8369140625
12.88	2.822265625
12.889996	2.783203125
12.9	2.744140625
12.91	2.705078125
12.92	2.6708984375
12.93	2.6611328125
12.94	2.6611328125
12.950004	2.6708984375
12.960004	2.705078125
12.97	2.7490234375
12.98	2.7880859375
12.99	2.8173828125
13.0	2.8369140625
13.01	2.83203125
13.02	2.8271484375
13.03	2.79296875
13.04	2.7587890625
13.05	2.7294921875
13.06	2.6806640625
13.07	2.666015625
13.08	2.65625
13.090004	2.6708984375
13.1	2.6953125
13.11	2.7392578125
13.12	2.7734375
13.13	2.802734375
13.14	2.8271484375
13.15	2.83203125
13.16	2.83203125
13.17	2.802734375
13.18	2.7783203125
13.189996	2.7294921875
13.2	2.6953125
13.21	2.666015625
13.22	2.666015625
13.23	2.666015625
13.24	2.685546875
13.250004	2.7294921875
13.260004	2.763671875
13.269996	2.79296875
13.28	2.8173828125
13.29	2.841796875
13.3	2.8271484375
13.31	2.8125
13.32	2.783203125
13.33	2.75390625
13.340004	2.705078125
13.35	2.6708984375
13.36	2.6611328125
13.37	2.6513671875
13.38	2.6806640625
13.39	2.71484375
13.4	2.7490234375
13.41	2.783203125
13.42	2.8125
13.43	2.8369140625
13.44	2.83203125
13.45	2.8271484375
13.46	2.79296875
13.470004	2.7587890625
13.48	2.7197265625
13.49	2.6806640625
13.499996	2.6611328125
13.51	2.6611328125
13.52	2.6806640625
13.529996	2.6953125
13.54	2.7392578125
13.55	2.7783203125
13.56	2.8076171875
13.57	2.8271484375
13.58	2.83203125
13.590004	2.8173828125
13.600004	2.802734375
13.61	2.7734375
13.62	2.7392578125
13.63	2.6953125
13.64	2.6708984375
13.65	2.666015625
13.66	2.6611328125
13.67	2.6904296875
13.68	2.7294921875
13.69	2.763671875
13.7	2.7978515625
13.71	2.8173828125
13.72	2.83203125
13.730004	2.822265625
13.74	2.8125
13.75	2.783203125
13.76	2.75390625
13.77	2.705078125
13.78	2.6806640625
13.79	2.666015625
13.8	2.666015625
13.81	2.6806640625
13.82	2.7197265625
13.829996	2.7587890625
13.84	2.783203125
13.85	2.8173828125
13.86	2.8271484375
13.87	2.8271484375
13.88	2.8125
13.890004	2.783203125
13.900004	2.763671875
13.909996	2.7294921875
13.92	2.685546875
13.93	2.666015625
13.94	2.6611328125
13.95	2.67578125
13.96	2.7099609375
13.97	2.744140625
13.980004	2.7783203125
13.99	2.79296875
14.0	2.8173828125
14.01	2.8271484375
14.02	2.8173828125
14.03	2.7978515625
14.04	2.7685546875
14.05	2.744140625
14.06	2.7001953125
14.07	2.666015625
14.08	2.666015625
14.09	2.6708984375
14.1	2.6904296875
14.110004	2.7294921875
14.12	2.763671875
14.13	2.79296875
14.139996	2.8173828125
14.15	2.8271484375
14.16	2.822265625
14.169996	2.7978515625
14.18	2.7734375
14.19	2.7490234375
14.2	2.705078125
14.21	2.6806640625
14.22	2.666015625
14.230004	2.67578125
14.240004	2.6806640625
14.25	2.7197265625
14.26	2.75390625
14.27	2.783203125
14.28	2.8076171875
14.29	2.822265625
14.3	2.8271484375
14.31	2.802734375
14.32	2.783203125
14.33	2.7587890625
14.34	2.7294921875
14.35	2.6904296875
14.36	2.666015625
14.370004	2.666015625
14.38	2.6708984375
14.39	2.705078125
14.4	2.7392578125
14.41	2.7783203125
14.42	2.7978515625
14.43	2.822265625
14.44	2.8271484375
14.45	2.8173828125
14.46	2.7880859375
14.469996	2.7685546875
14.48	2.744140625
14.49	2.7001953125
14.5	2.6708984375
14.51	2.666015625
14.52	2.67578125
14.530004	2.6953125
14.540004	2.724609375
14.549996	2.7587890625
14.56	2.79296875
14.57	2.8076171875
14.58	2.822265625
14.59	2.822265625
14.6	2.8076171875
14.61	2.7734375
14.620004	2.7490234375
14.63	2.7197265625
14.64	2.6806640625
14.65	2.6708984375
14.66	2.67578125
14.67	2.6806640625
14.68	2.7294921875
14.69	2.75390625
14.7	2.7783203125
14.71	2.802734375
14.72	2.822265625
14.73	2.822265625
14.74	2.8125
14.750004	2.79296875
14.76	2.7587890625
14.77	2.724609375
14.779996	2.6904296875
14.79	2.6708984375
14.8	2.67578125
14.809996	2.67578125
14.82	2.7099609375
14.83	2.7392578125
14.84	2.7783203125
14.85	2.79296875
14.86	2.8173828125
14.870004	2.8271484375
14.880004	2.8125
14.89	2.7880859375
14.9	2.7587890625
14.91	2.744140625
14.92	2.705078125
14.93	2.685546875
14.94	2.67578125
14.95	2.685546875
14.96	2.705078125
14.97	2.7294921875
14.98	2.763671875
14.99	2.7880859375
15.0	2.8125
15.010004	2.8173828125
15.02	2.822265625
15.03	2.7978515625
15.04	2.7783203125
15.05	2.7490234375
15.06	2.71484375
15.07	2.685546875
15.08	2.6708984375
15.09	2.6806640625
15.1	2.6904296875
15.109996	2.7294921875
15.12	2.7490234375
15.13	2.7880859375
15.14	2.8076171875
15.15	2.8125
15.16	2.8173828125
15.170004	2.7978515625
15.180004	2.7880859375
15.189996	2.7587890625
15.2	2.734375
15.21	2.7001953125
15.22	2.67578125
15.23	2.67578125
15.24	2.67578125
15.25	2.71484375
15.260004	2.744140625
15.27	2.7734375
15.28	2.79296875
15.29	2.8173828125
15.3	2.8125
15.31	2.8173828125
15.32	2.79296875
15.33	2.763671875
15.34	2.7392578125
15.35	2.7099609375
15.36	2.685546875
15.37	2.67578125
15.38	2.685546875
15.390004	2.705078125
15.4	2.7392578125
15.41	2.7685546875
15.419996	2.79296875
15.43	2.8076171875
15.44	2.8173828125
15.449996	2.8125
15.46	2.79296875
15.47	2.7783203125
15.48	2.7490234375
15.49	2.724609375
15.5	2.6953125
15.510004	2.67578125
15.520004	2.685546875
15.53	2.6953125
15.54	2.734375
15.55	2.75390625
15.56	2.783203125
15.57	2.802734375
15.58	2.8173828125
15.59	2.822265625
15.6	2.802734375
15.61	2.7880859375
15.62	2.75390625
15.63	2.734375
15.64	2.6904296875
15.650004	2.685546875
15.66	2.67578125
15.67	2.6904296875
15.68	2.7197265625
15.69	2.744140625
15.7	2.7734375
15.71	2.7978515625
15.72	2.8125
15.73	2.8125
15.74	2.8076171875
15.749996	2.783203125
15.76	2.7734375
15.77	2.7392578125
15.78	2.7099609375
15.79	2.6806640625
15.8	2.67578125
15.810004	2.6904296875
15.820004	2.7001953125
15.829996	2.7392578125
15.84	2.763671875
15.85	2.7880859375
15.86	2.802734375
15.87	2.802734375
15.88	2.8125
15.89	2.7880859375
15.900004	2.7734375
15.91	2.744140625
15.92	2.724609375
15.93	2.6904296875
15.94	2.685546875
15.95	2.6806640625
15.96	2.7001953125
15.97	2.724609375
15.98	2.744140625
15.99	2.783203125
16.0	2.79296875
16.01	2.8076171875
16.02	2.8125
16.030004	2.7978515625
16.04	2.783203125
16.05	2.7587890625
16.059996	2.734375
16.07	2.6953125
16.08	2.685546875
16.089996	2.67578125
16.1	2.6953125
16.11	2.71484375
16.12	2.744140625
16.13	2.7734375
16.14	2.7880859375
16.150004	2.8076171875
16.160004	2.8125
16.17	2.7978515625
16.18	2.783203125
16.19	2.763671875
16.2	2.7392578125
16.21	2.7099609375
16.22	2.6904296875
16.23	2.6806640625
16.24	2.685546875
16.25	2.71484375
16.26	2.7392578125
16.27	2.763671875
16.28	2.7880859375
16.290004	2.802734375
16.3	2.8125
16.31	2.8076171875
16.32	2.79296875
16.33	2.7734375
16.34	2.744140625
16.35	2.724609375
16.36	2.6904296875
16.37	2.685546875
16.38	2.685546875
16.389996	2.705078125
16.4	2.7294921875
16.41	2.7490234375
16.42	2.783203125
16.43	2.79296875
16.44	2.8173828125
16.450004	2.8125
16.460004	2.7978515625
16.469996	2.7734375
16.48	2.7587890625
16.49	2.7392578125
16.5	2.705078125
16.51	2.685546875
16.52	2.685546875
16.53	2.6953125
16.540004	2.724609375
16.55	2.7392578125
16.56	2.7734375
16.57	2.7880859375
16.58	2.8076171875
16.59	2.8125
16.6	2.7978515625
16.61	2.783203125
16.62	2.7685546875
16.63	2.7392578125
16.64	2.7099609375
16.65	2.6904296875
16.66	2.685546875
16.670004	2.6953125
16.68	2.7099609375
16.69	2.7392578125
16.699996	2.763671875
16.71	2.783203125
16.72	2.7978515625
16.729996	2.8076171875
16.74	2.802734375
16.75	2.7880859375
16.76	2.7685546875
16.77	2.7392578125
16.78	2.724609375
16.790004	2.6904296875
16.800004	2.685546875
16.81	2.6806640625
16.82	2.71484375
16.83	2.7294921875
16.84	2.7587890625
16.85	2.783203125
16.86	2.7880859375
16.87	2.802734375
16.88	2.802734375
16.89	2.7978515625
16.9	2.7734375
16.91	2.75390625
16.92	2.7294921875
16.930004	2.7001953125
16.94	2.6904296875
16.95	2.6904296875
16.96	2.6953125
16.97	2.7197265625
16.98	2.75390625
16.99	2.7734375
17.0	2.7880859375
17.01	2.802734375
17.02	2.7978515625
17.029996	2.7978515625
17.04	2.783203125
17.05	2.75390625
17.06	2.744140625
17.07	2.71484375
17.08	2.6904296875
17.090004	2.685546875
17.100004	2.6953125
17.109996	2.71484375
17.12	2.7392578125
17.13	2.763671875
17.14	2.7880859375
17.15	2.79296875
17.16	2.8076171875
17.17	2.79296875
17.180004	2.7880859375
17.19	2.7734375
17.2	2.744140625
17.21	2.734375
17.22	2.685546875
17.23	2.6904296875
17.24	2.685546875
17.25	2.71484375
17.26	2.734375
17.27	2.7490234375
17.28	2.7783203125
17.29	2.7880859375
17.3	2.802734375
17.310004	2.802734375
17.32	2.79296875
17.33	2.7734375
17.339996	2.7587890625
17.35	2.7294921875
17.36	2.705078125
17.369996	2.6904296875
17.38	2.6904296875
17.39	2.705078125
17.4	2.7294921875
17.41	2.75390625
17.42	2.7685546875
17.430004	2.783203125
17.440004	2.802734375
17.45	2.802734375
17.46	2.7880859375
17.47	2.7783203125
17.48	2.763671875
17.49	2.744140625
17.5	2.7099609375
17.51	2.6904296875
17.52	2.685546875
17.53	2.6953125
17.54	2.724609375
17.55	2.7392578125
17.56	2.7685546875
17.570004	2.7880859375
17.58	2.802734375
17.59	2.8076171875
17.6	2.802734375
17.61	2.79296875
17.62	2.7685546875
17.63	2.7490234375
17.64	2.7197265625
17.65	2.705078125
17.66	2.6904296875
17.669996	2.6904296875
17.68	2.705078125
17.69	2.7294921875
17.7	2.7490234375
17.71	2.7783203125
17.72	2.7880859375
17.730004	2.7978515625
17.740004	2.802734375
17.749996	2.783203125
17.76	2.7734375
17.77	2.7587890625
17.78	2.7294921875
17.79	2.7099609375
17.8	2.6953125
17.81	2.6953125
17.820004	2.705078125
17.83	2.7294921875
17.84	2.7490234375
17.85	2.7685546875
17.86	2.7880859375
17.87	2.79296875
17.88	2.802734375
17.89	2.7880859375
17.9	2.783203125
17.91	2.7587890625
17.92	2.7392578125
17.93	2.7197265625
17.94	2.6953125
17.950004	2.6904296875
17.96	2.705078125
17.97	2.7294921875
17.979996	2.734375
17.99	2.7685546875
18.0	2.783203125
18.009996	2.79296875
18.02	2.7978515625
18.03	2.79296875
18.04	2.783203125
18.05	2.763671875
18.06	2.7392578125
18.070004	2.7294921875
18.080004	2.7001953125
18.09	2.685546875
18.1	2.705078125
18.11	2.7099609375
18.12	2.734375
18.13	2.7587890625
18.14	2.7783203125
18.15	2.79296875
18.16	2.79296875
18.17	2.79296875
18.18	2.7880859375
18.19	2.7783203125
18.2	2.75390625
18.210004	2.734375
18.22	2.71484375
18.23	2.7001953125
18.24	2.6904296875
18.25	2.7099609375
18.26	2.734375
18.27	2.75390625
18.28	2.7685546875
18.29	2.79296875
18.3	2.7978515625
18.309996	2.802734375
18.32	2.7880859375
18.33	2.783203125
18.34	2.75390625
18.35	2.7392578125
18.36	2.724609375
18.370004	2.7001953125
18.380004	2.7001953125
18.389996	2.705078125
18.4	2.7294921875
18.41	2.7392578125
18.42	2.7685546875
18.43	2.7734375
18.44	2.79296875
18.45	2.79296875
18.460004	2.79296875
18.47	2.783203125
18.48	2.7685546875
18.49	2.75390625
18.5	2.7294921875
18.51	2.7099609375
18.52	2.6953125
18.53	2.7099609375
18.54	2.7197265625
18.55	2.7392578125
18.56	2.75390625
18.57	2.7734375
18.58	2.79296875
18.590004	2.7978515625
18.6	2.7880859375
18.61	2.7783203125
18.619996	2.7685546875
18.63	2.75390625
18.64	2.734375
18.649996	2.7099609375
18.66	2.6904296875
18.67	2.6904296875
18.68	2.7099609375
18.69	2.734375
18.7	2.744140625
18.710004	2.7685546875
18.720004	2.7880859375
18.73	2.79296875
18.74	2.7978515625
18.75	2.7880859375
18.76	2.783203125
18.77	2.7587890625
18.78	2.744140625
18.79	2.7197265625
18.8	2.7099609375
18.81	2.6953125
18.82	2.7099609375
18.83	2.734375
18.84	2.744140625
18.850004	2.7734375
18.86	2.783203125
18.87	2.7978515625
18.88	2.7880859375
18.89	2.7880859375
18.9	2.7734375
18.91	2.763671875
18.92	2.75390625
18.93	2.7197265625
18.94	2.705078125
18.949996	2.7001953125
18.96	2.705078125
18.97	2.724609375
18.98	2.744140625
18.99	2.763671875
19.0	2.783203125
19.010004	2.79296875
19.020004	2.7978515625
19.029996	2.7978515625
19.04	2.7880859375
19.05	2.7734375
19.06	2.75390625
19.07	2.7294921875
19.08	2.71484375
19.09	2.705078125
19.100004	2.7001953125
19.11	2.7099609375
19.12	2.744140625
19.13	2.7490234375
19.14	2.7734375
19.15	2.783203125
19.16	2.7978515625
19.17	2.79296875
19.18	2.79296875
19.19	2.7734375
19.2	2.75390625
19.21	2.734375
19.22	2.724609375
19.230004	2.7001953125
19.24	2.705078125
19.25	2.71484375
19.259996	2.7294921875
19.27	2.744140625
19.28	2.7685546875
19.289996	2.783203125
19.3	2.7880859375
19.31	2.79296875
19.32	2.79296875
19.33	2.7783203125
19.34	2.7685546875
19.350004	2.75390625
19.360004	2.7294921875
19.37	2.705078125
19.38	2.7001953125
19.39	2.71484375
19.4	2.7197265625
19.41	2.7392578125
19.42	2.7587890625
19.43	2.7783203125
19.44	2.7880859375
19.45	2.7978515625
19.46	2.79296875
19.47	2.783203125
19.48	2.763671875
19.490004	2.75390625
19.5	2.734375
19.51	2.7099609375
19.52	2.7001953125
19.53	2.7001953125
19.54	2.71484375
19.55	2.734375
19.56	2.75390625
19.57	2.7783203125
19.58	2.783203125
19.589996	2.79296875
19.6	2.7880859375
19.61	2.7880859375
19.62	2.783203125
19.63	2.75390625
19.64	2.7490234375
19.650004	2.7197265625
19.660004	2.7099609375
19.669996	2.6953125
19.68	2.7099609375
19.69	2.7294921875
19.7	2.75390625
19.71	2.7685546875
19.72	2.7880859375
19.73	2.7880859375
19.740004	2.7880859375
19.75	2.79296875
19.76	2.7734375
19.77	2.7685546875
19.78	2.7392578125
19.79	2.7294921875
19.8	2.71484375
19.81	2.705078125
19.82	2.7099609375
19.83	2.7294921875
19.84	2.744140625
19.85	2.7587890625
19.86	2.783203125
19.870004	2.783203125
19.88	2.7880859375
19.89	2.7880859375
19.899996	2.7880859375
19.91	2.7685546875
19.92	2.75390625
19.929996	2.7294921875
19.94	2.71484375
19.95	2.7099609375
19.96	2.7099609375
19.97	2.7294921875
19.98	2.7294921875
19.990004	2.75390625
20.000004	2.7685546875
20.01	2.783203125
20.02	2.7978515625
20.03	2.7880859375
20.04	2.79296875
20.05	2.7783203125
20.06	2.75390625
20.07	2.7392578125
20.08	2.724609375
20.09	2.7099609375
20.1	2.7001953125
20.11	2.71484375
20.12	2.724609375
20.130004	2.75390625
20.14	2.7587890625
20.15	2.7783203125
20.16	2.7880859375
20.17	2.79296875
20.18	2.79296875
20.19	2.7734375
20.2	2.763671875
20.21	2.734375
20.22	2.734375
20.229996	2.71484375
20.24	2.7099609375
20.25	2.7099609375
20.26	2.7294921875
20.27	2.744140625
20.28	2.7587890625
20.290004	2.7783203125
20.300004	2.7783203125
20.309996	2.7880859375
20.32	2.7880859375
20.33	2.783203125
20.34	2.763671875
20.35	2.7490234375
20.36	2.7392578125
20.37	2.7197265625
20.380004	2.71484375
20.39	2.705078125
20.4	2.7197265625
20.41	2.7392578125
20.42	2.7587890625
20.43	2.7685546875
20.44	2.7880859375
20.45	2.79296875
20.46	2.783203125
20.47	2.7880859375
20.48	2.7685546875
20.49	2.7587890625
20.5	2.734375
20.510004	2.724609375
20.52	2.71484375
20.53	2.7099609375
20.539996	2.724609375
20.55	2.7392578125
20.56	2.7490234375
20.569996	2.7587890625
20.58	2.783203125
20.59	2.7880859375
20.6	2.7978515625
20.61	2.7880859375
20.62	2.7783203125
20.630004	2.7685546875
20.640004	2.7392578125
20.65	2.7294921875
20.66	2.7099609375
20.67	2.71484375
20.68	2.7099609375
20.69	2.724609375
20.7	2.744140625
20.71	2.75390625
20.72	2.7783203125
20.73	2.783203125
20.74	2.79296875
20.75	2.7783203125
20.76	2.7783203125
20.770004	2.7587890625
20.78	2.744140625
20.79	2.734375
20.8	2.7197265625
20.81	2.7099609375
20.82	2.71484375
20.83	2.724609375
20.84	2.734375
20.85	2.7490234375
20.86	2.7685546875
20.869996	2.7880859375
20.88	2.7880859375
20.89	2.7880859375
20.9	2.783203125
20.91	2.7685546875
20.92	2.75390625
20.930004	2.7392578125
20.940004	2.7294921875
20.949996	2.705078125
20.96	2.71484375
20.97	2.7294921875
20.98	2.7392578125
20.99	2.7490234375
21.0	2.7685546875
21.01	2.783203125
21.020004	2.7880859375
21.03	2.7880859375
21.04	2.783203125
21.05	2.783203125
21.06	2.763671875
21.07	2.744140625
21.08	2.7294921875
21.09	2.724609375
21.1	2.71484375
21.11	2.7197265625
21.12	2.7294921875
21.13	2.744140625
21.14	2.7587890625
21.150004	2.7783203125
21.16	2.7880859375
21.17	2.783203125
21.179996	2.7880859375
21.19	2.7783203125
21.2	2.7685546875
21.209996	2.75390625
21.22	2.734375
21.23	2.7197265625
21.24	2.71484375
21.25	2.7197265625
21.26	2.7294921875
21.270004	2.7294921875
21.280004	2.7587890625
21.29	2.7783203125
21.3	2.7880859375
21.31	2.783203125
21.32	2.7880859375
21.33	2.783203125
21.34	2.7783203125
21.35	2.75390625
21.36	2.7392578125
21.37	2.724609375
21.38	2.71484375
21.39	2.7197265625
21.4	2.7197265625
21.410004	2.734375
21.42	2.75390625
21.43	2.763671875
21.44	2.7783203125
21.45	2.7880859375
21.46	2.79296875
21.47	2.783203125
21.48	2.7783203125
21.49	2.7587890625
21.5	2.7490234375
21.509996	2.724609375
21.52	2.724609375
21.53	2.71484375
21.54	2.71484375
21.55	2.7392578125
21.56	2.7392578125
21.570004	2.763671875
21.580004	2.7783203125
21.589996	2.7880859375
21.6	2.7880859375
21.61	2.7783203125
21.62	2.783203125
21.63	2.763671875
21.64	2.75390625
21.65	2.734375
21.660004	2.724609375
21.67	2.71484375
21.68	2.7197265625
21.69	2.7294921875
21.7	2.744140625
21.71	2.7587890625
21.72	2.7685546875
21.73	2.7783203125
21.74	2.783203125
21.75	2.7880859375
21.76	2.783203125
21.77	2.7685546875
21.78	2.75390625
21.790004	2.744140625
21.8	2.7294921875
21.81	2.7197265625
21.819996	2.71484375
21.83	2.724609375
21.84	2.734375
21.849996	2.7490234375
21.86	2.763671875
21.87	2.783203125
21.88	2.7880859375
21.89	2.79296875
21.9	2.7734375
21.910004	2.7734375
21.920004	2.7587890625
21.93	2.744140625
21.94	2.7197265625
21.95	2.724609375
21.96	2.71484375
21.97	2.7197265625
21.98	2.7392578125
21.99	2.744140625
22.0	2.7587890625
22.01	2.7783203125
22.02	2.7783203125
22.03	2.783203125
22.04	2.783203125
22.050004	2.783203125
22.06	2.763671875
22.07	2.7490234375
22.08	2.7294921875
22.09	2.7294921875
22.1	2.71484375
22.11	2.7294921875
22.12	2.7197265625
22.13	2.744140625
22.14	2.7587890625
22.149996	2.7734375
22.16	2.783203125
22.17	2.783203125
22.18	2.7880859375
22.19	2.7783203125
22.2	2.7685546875
22.210004	2.744140625
22.220004	2.744140625
22.229996	2.7294921875
22.24	2.724609375
22.25	2.724609375
22.26	2.724609375
22.27	2.7392578125
22.28	2.75390625
22.29	2.7685546875
22.300004	2.7783203125
22.31	2.7880859375
22.32	2.7880859375
22.33	2.7783203125
22.34	2.763671875
22.35	2.75390625
22.36	2.7392578125
22.37	2.734375
22.38	2.7197265625
22.39	2.7197265625
22.4	2.7294921875
22.41	2.744140625
22.42	2.7490234375
22.430004	2.763671875
22.44	2.7783203125
22.45	2.783203125
22.459996	2.7880859375
22.47	2.783203125
22.48	2.7783203125
22.489996	2.7587890625
22.5	2.7490234375
22.51	2.734375
22.52	2.724609375
22.53	2.7197265625
22.54	2.7294921875
22.550004	2.7294921875
22.560004	2.744140625
22.57	2.75390625
22.58	2.7685546875
22.59	2.783203125
22.6	2.783203125
22.61	2.783203125
22.62	2.7783203125
22.63	2.7685546875
22.64	2.75390625
22.65	2.744140625
22.66	2.7294921875
22.67	2.7294921875
22.68	2.724609375
22.690004	2.724609375
22.7	2.7490234375
22.71	2.7490234375
22.72	2.763671875
22.73	2.7734375
22.74	2.7880859375
22.75	2.783203125
22.76	2.783203125
22.77	2.7734375
22.78	2.75390625
22.789996	2.7490234375
22.8	2.7294921875
22.81	2.7197265625
22.82	2.724609375
22.83	2.7294921875
22.84	2.734375
22.850004	2.75390625
22.860004	2.7685546875
22.869996	2.7734375
22.88	2.7783203125
22.89	2.783203125
22.9	2.783203125
22.91	2.7734375
22.92	2.7587890625
22.93	2.734375
22.940004	2.734375
22.95	2.724609375
22.96	2.7197265625
22.97	2.7197265625
22.98	2.734375
22.99	2.7490234375
23.0	2.7587890625
23.01	2.7685546875
23.02	2.7734375
23.03	2.7880859375
23.04	2.7880859375
23.05	2.7734375
23.06	2.763671875
23.070004	2.7490234375
23.08	2.744140625
23.09	2.724609375
23.099996	2.7197265625
23.11	2.7197265625
23.12	2.734375
23.129996	2.7392578125
23.14	2.7490234375
23.15	2.763671875
23.16	2.7734375
23.17	2.783203125
23.18	2.7783203125
23.190004	2.783203125
23.200004	2.763671875
23.21	2.7490234375
23.22	2.744140625
23.23	2.724609375
23.24	2.7294921875
23.25	2.724609375
23.26	2.724609375
23.27	2.7392578125
23.28	2.7490234375
23.29	2.763671875
23.3	2.7783203125
23.31	2.783203125
23.32	2.7783203125
23.330004	2.7734375
23.34	2.7685546875
23.35	2.7587890625
23.36	2.744140625
23.37	2.7392578125
23.38	2.7294921875
23.39	2.7294921875
23.4	2.7294921875
23.41	2.7294921875
23.42	2.744140625
23.429996	2.75390625
23.44	2.7783203125
23.45	2.7734375
23.46	2.7880859375
23.47	2.783203125
23.48	2.7734375
23.490004	2.763671875
23.500004	2.7490234375
23.509996	2.744140625
23.52	2.724609375
23.53	2.724609375
23.54	2.7197265625
23.55	2.734375
23.56	2.744140625
23.57	2.75390625
23.580004	2.7685546875
23.59	2.783203125
23.6	2.783203125
23.61	2.7783203125
23.62	2.7783203125
23.63	2.763671875
23.64	2.7587890625
23.65	2.744140625
23.66	2.7392578125
23.67	2.7294921875
23.68	2.724609375
23.69	2.734375
23.7	2.7392578125
23.710004	2.7490234375
23.72	2.763671875
23.73	2.7783203125
23.739996	2.7783203125
23.75	2.7783203125
23.76	2.783203125
23.769996	2.763671875
23.78	2.763671875
23.79	2.744140625
23.8	2.734375
23.81	2.724609375
23.82	2.724609375
23.830004	2.7294921875
23.840004	2.7392578125
23.85	2.7490234375
23.86	2.7587890625
23.87	2.7783203125
23.88	2.7783203125
23.89	2.783203125
23.9	2.783203125
23.91	2.7734375
23.92	2.7587890625
23.93	2.744140625
23.94	2.744140625
23.95	2.7197265625
23.96	2.7294921875
23.970004	2.724609375
23.98	2.744140625
23.99	2.744140625
24.0	2.75390625
24.01	2.7685546875
24.02	2.783203125
24.03	2.783203125
24.04	2.7734375
24.05	2.7783203125
24.06	2.7685546875
24.069996	2.7587890625
24.08	2.7392578125
24.09	2.7294921875
24.1	2.7197265625
24.11	2.724609375
24.12	2.7392578125
24.130004	2.7392578125
24.140004	2.75390625
24.149996	2.75390625
24.16	2.783203125
24.17	2.7783203125
24.18	2.783203125
24.19	2.7783203125
24.2	2.7685546875
24.21	2.763671875
24.220004	2.744140625
24.23	2.734375
24.24	2.724609375
24.25	2.724609375
24.26	2.7294921875
24.27	2.734375
24.28	2.7490234375
24.29	2.7587890625
24.3	2.763671875
24.31	2.7734375
24.32	2.7734375
24.33	2.7783203125
24.34	2.7685546875
24.350004	2.763671875
24.36	2.7490234375
24.37	2.7294921875
24.379996	2.7294921875
24.39	2.734375
24.4	2.7294921875
24.409996	2.734375
24.42	2.7392578125
24.43	2.7587890625
24.44	2.7685546875
24.45	2.7734375
24.46	2.7783203125
24.470004	2.783203125
24.480004	2.7783203125
24.49	2.763671875
24.5	2.7490234375
24.51	2.744140625
24.52	2.734375
24.53	2.7294921875
24.54	2.7294921875
24.55	2.734375
24.56	2.734375
24.57	2.75390625
24.58	2.7587890625
24.59	2.7783203125
24.6	2.7734375
24.610004	2.7783203125
24.62	2.7783203125
24.63	2.7685546875
24.64	2.75390625
24.65	2.75390625
24.66	2.744140625
24.67	2.7197265625
24.68	2.7294921875
24.69	2.7294921875
24.7	2.744140625
24.709996	2.7490234375
24.72	2.763671875
24.73	2.7685546875
24.74	2.7783203125
24.75	2.783203125
24.76	2.7783203125
24.770004	2.7685546875
24.780004	2.763671875
24.789996	2.744140625
24.8	2.7392578125
24.81	2.734375
24.82	2.7294921875
24.83	2.7294921875
24.84	2.7392578125
24.85	2.7490234375
24.860004	2.7490234375
24.87	2.763671875
24.88	2.7734375
24.89	2.783203125
24.9	2.7783203125
24.91	2.7734375
24.92	2.763671875
24.93	2.744140625
24.94	2.744140625
24.95	2.7392578125
24.96	2.7294921875
24.97	2.724609375
24.98	2.734375
24.990004	2.744140625
25.0	2.75390625
25.01	2.7685546875
25.019996	2.783203125
25.03	2.7783203125
25.04	2.7734375
25.049996	2.7783203125
25.06	2.7685546875
25.07	2.7490234375
25.08	2.7490234375
25.09	2.734375
25.1	2.734375
25.110004	2.7294921875
25.120004	2.734375
25.13	2.744140625
25.14	2.7490234375
25.15	2.7685546875
25.16	2.7783203125
25.17	2.7783203125
25.18	2.7783203125
25.19	2.7734375
25.2	2.7685546875
25.21	2.7587890625
25.22	2.7490234375
25.23	2.7392578125
25.24	2.734375
25.250004	2.7294921875
25.26	2.7294921875
25.27	2.734375
25.28	2.744140625
25.29	2.7587890625
25.3	2.7685546875
25.31	2.7685546875
25.32	2.7783203125
25.33	2.783203125
25.34	2.7734375
25.349996	2.763671875
25.36	2.75390625
25.37	2.744140625
25.38	2.734375
25.39	2.724609375
25.4	2.7294921875
25.410004	2.7392578125
25.420004	2.744140625
25.429996	2.744140625
25.44	2.7587890625
25.45	2.7734375
25.46	2.783203125
25.47	2.783203125
25.48	2.7734375
25.49	2.7587890625
25.500004	2.75390625
25.51	2.7392578125
25.52	2.744140625
25.53	2.7294921875
25.54	2.7294921875
25.55	2.7392578125
25.56	2.7392578125
25.57	2.7490234375
25.58	2.75390625
25.59	2.7685546875
25.6	2.7685546875
25.61	2.7734375
25.62	2.7734375
25.630004	2.7685546875
25.64	2.7587890625
25.65	2.75390625
25.659996	2.7392578125
25.67	2.7392578125
25.68	2.7294921875
25.689996	2.7392578125
25.7	2.7392578125
25.71	2.744140625
25.72	2.75390625
25.73	2.7685546875
25.74	2.7734375
25.750004	2.783203125
25.760004	2.7734375
25.77	2.763671875
25.78	2.763671875
25.79	2.7490234375
25.8	2.744140625
25.81	2.734375
25.82	2.7294921875
25.83	2.7294921875
25.84	2.7392578125
25.85	2.7490234375
25.86	2.7490234375
25.87	2.7734375
25.88	2.7685546875
25.890004	2.7783203125
25.9	2.7734375
25.91	2.7734375
25.92	2.7685546875
25.93	2.7587890625
25.94	2.7490234375
25.95	2.7294921875
25.96	2.724609375
25.97	2.724609375
25.98	2.734375
25.989996	2.7392578125
