Channel Accuracy: 10 Bits
Measurement Range 0...5V --> Resolution: 5V/2^10 = 4.9mV
Measured Single Channel at a Frequency of 100 Hz
Time (s)	Voltage (V)
0	1.7041015625
0.01	1.69921875
0.02	1.69921875
0.030004	1.69921875
0.039996	1.69921875
0.049996	1.69921875
0.060004	1.69921875
0.070004	1.6943359375
0.079996	1.69921875
0.09	1.69921875
0.100004	1.69921875
0.110004	1.689453125
0.119996	1.69921875
0.129996	1.6943359375
0.140004	1.6943359375
0.150004	1.7041015625
0.160004	1.6943359375
0.169996	1.6943359375
0.179996	1.6943359375
0.189996	1.69921875
0.199996	1.69921875
0.209996	1.6943359375
0.219996	1.6845703125
0.229996	1.689453125
0.239996	1.6943359375
0.249996	1.6943359375
0.259996	1.6943359375
0.269996	1.6943359375
0.279996	1.6943359375
0.289996	1.6943359375
0.3	1.69921875
0.309996	1.69921875
0.319996	1.7041015625
0.329996	1.7138671875
0.339996	1.7138671875
0.349996	1.7333984375
0.360004	1.806640625
0.370004	2.0458984375
0.379996	2.412109375
0.390004	2.8271484375
0.400004	3.232421875
0.410004	3.544921875
0.419996	3.7255859375
0.43	3.720703125
0.439996	3.53515625
0.449996	3.1982421875
0.46	2.8076171875
0.469996	2.3974609375
0.479996	2.080078125
0.489996	1.85546875
0.499996	1.81640625
0.509996	1.9580078125
0.519996	2.24609375
0.529996	2.6123046875
0.539996	3.017578125
0.549996	3.3642578125
0.559996	3.5791015625
0.569996	3.6962890625
0.579996	3.5888671875
0.589996	3.3349609375
0.599996	3.0078125
0.609996	2.6220703125
0.619996	2.2509765625
0.629996	1.982421875
0.639996	1.865234375
0.649996	1.9140625
0.660004	2.1240234375
0.670004	2.4365234375
0.679996	2.8076171875
0.690004	3.173828125
0.700004	3.45703125
0.710004	3.6083984375
0.719996	3.6083984375
0.73	3.45703125
0.739996	3.1591796875
0.749996	2.8125
0.76	2.451171875
0.769996	2.138671875
0.780004	1.962890625
0.790004	1.923828125
0.800004	2.05078125
0.809996	2.2900390625
0.819996	2.6220703125
0.829996	2.978515625
0.839996	3.2958984375
0.849996	3.5107421875
0.859996	3.5888671875
0.869996	3.515625
0.879996	3.291015625
0.889996	2.9833984375
0.899996	2.63671875
0.909996	2.314453125
0.919996	2.080078125
0.929996	1.962890625
0.94	1.9970703125
0.949996	2.1875
0.959996	2.4609375
0.969996	2.7978515625
0.979996	3.1298828125
0.989996	3.3740234375
1.000004	3.5205078125
1.010004	3.5205078125
1.019996	3.388671875
1.030004	3.1298828125
1.040004	2.8271484375
1.050004	2.48046875
1.059996	2.20703125
1.07	2.041015625
1.079996	2.001953125
1.089996	2.1142578125
1.1	2.3291015625
1.109996	2.6416015625
1.119996	2.9541015625
1.129996	3.2421875
1.139996	3.447265625
1.149996	3.505859375
1.159996	3.4423828125
1.169996	3.2421875
1.179996	2.958984375
1.189996	2.646484375
1.199996	2.36328125
1.209996	2.1337890625
1.219996	2.041015625
1.229996	2.0751953125
1.239996	2.236328125
1.249996	2.490234375
1.259996	2.7978515625
1.269996	3.0859375
1.279996	3.3251953125
1.289996	3.4619140625
1.300004	3.4521484375
1.310004	3.3203125
1.319996	3.1005859375
1.330004	2.8125
1.340004	2.5
1.350004	2.255859375
1.359996	2.1044921875
1.37	2.080078125
1.379996	2.1630859375
1.389996	2.3681640625
1.4	2.6318359375
1.409996	2.9296875
1.420004	3.1982421875
1.430004	3.3740234375
1.440004	3.4375
1.449996	3.37890625
1.459996	3.1884765625
1.469996	2.939453125
1.479996	2.666015625
1.489996	2.3876953125
1.499996	2.1923828125
1.509996	2.109375
1.519996	2.1337890625
1.529996	2.28515625
1.539996	2.5048828125
1.549996	2.79296875
1.559996	3.06640625
1.569996	3.2763671875
1.58	3.3984375
1.589996	3.3984375
1.599996	3.26171875
1.609996	3.0615234375
1.619996	2.7978515625
1.629996	2.51953125
1.640004	2.3046875
1.650004	2.1630859375
1.659996	2.12890625
1.670004	2.216796875
1.680004	2.4169921875
1.690004	2.6513671875
1.699996	2.919921875
1.71	3.1640625
1.719996	3.3251953125
1.729996	3.3740234375
1.74	3.3154296875
1.749996	3.154296875
1.759996	2.9248046875
1.769996	2.646484375
1.779996	2.4169921875
1.789996	2.2412109375
1.799996	2.1533203125
1.809996	2.1875
1.819996	2.3291015625
1.829996	2.5390625
1.839996	2.7978515625
1.849996	3.046875
1.859996	3.2373046875
1.869996	3.33984375
1.879996	3.3349609375
1.889996	3.232421875
1.899996	3.0224609375
1.909996	2.783203125
1.919996	2.5341796875
1.929996	2.333984375
1.940004	2.20703125
1.950004	2.1875
1.959996	2.265625
1.970004	2.4365234375
1.980004	2.666015625
1.990004	2.9248046875
1.999996	3.134765625
2.01	3.2763671875
2.019996	3.3251953125
2.029996	3.26171875
2.04	3.115234375
2.049996	2.8955078125
2.060004	2.65625
2.070004	2.421875
2.080004	2.275390625
2.089996	2.2021484375
2.099996	2.2314453125
2.109996	2.36328125
2.119996	2.568359375
2.129996	2.8125
2.139996	3.02734375
2.149996	3.2080078125
2.159996	3.291015625
2.169996	3.291015625
2.179996	3.1689453125
2.189996	3.0029296875
2.199996	2.7734375
2.209996	2.548828125
2.22	2.3583984375
2.229996	2.24609375
2.239996	2.2314453125
2.249996	2.314453125
2.259996	2.48046875
2.269996	2.67578125
2.280004	2.9150390625
2.290004	3.1103515625
2.299996	3.2421875
2.310004	3.2763671875
2.320004	3.22265625
2.330004	3.06640625
2.339996	2.880859375
2.35	2.6513671875
2.359996	2.451171875
2.369996	2.3095703125
2.38	2.2412109375
2.389996	2.28515625
2.399996	2.40234375
2.409996	2.5927734375
2.419996	2.8173828125
2.429996	3.017578125
2.439996	3.1787109375
2.449996	3.251953125
2.459996	3.2373046875
2.469996	3.1396484375
2.479996	2.9638671875
2.489996	2.763671875
2.499996	2.5439453125
2.509996	2.3779296875
2.519996	2.275390625
2.529996	2.275390625
2.539996	2.3583984375
2.549996	2.5
2.559996	2.705078125
2.569996	2.9150390625
2.580004	3.0908203125
2.590004	3.212890625
2.599996	3.232421875
2.610004	3.173828125
2.620004	3.0419921875
2.630004	2.8515625
2.639996	2.646484375
2.65	2.451171875
2.659996	2.3291015625
2.669996	2.2900390625
2.68	2.3193359375
2.689996	2.431640625
2.700004	2.6171875
2.710004	2.8271484375
2.720004	3.017578125
2.729996	3.1591796875
2.739996	3.2177734375
2.749996	3.1982421875
2.759996	3.10546875
2.769996	2.9345703125
2.779996	2.7392578125
2.789996	2.548828125
2.799996	2.40234375
2.809996	2.314453125
2.819996	2.3193359375
2.829996	2.3828125
2.839996	2.5439453125
2.849996	2.734375
2.86	2.919921875
2.869996	3.0859375
2.879996	3.18359375
2.889996	3.203125
2.899996	3.134765625
2.909996	3.0029296875
2.920004	2.83203125
2.930004	2.63671875
2.939996	2.470703125
2.950004	2.353515625
2.960004	2.314453125
2.970004	2.353515625
2.979996	2.470703125
2.99	2.6416015625
2.999996	2.841796875
3.009996	3.0078125
3.02	3.1396484375
3.029996	3.1884765625
3.039996	3.1640625
3.049996	3.06640625
3.059996	2.9052734375
3.069996	2.7294921875
3.079996	2.5537109375
3.089996	2.4072265625
3.099996	2.333984375
3.109996	2.34375
3.119996	2.431640625
3.129996	2.5732421875
3.139996	2.7392578125
3.149996	2.9248046875
3.159996	3.06640625
3.169996	3.1591796875
3.179996	3.173828125
3.189996	3.1005859375
3.199996	2.9638671875
3.209996	2.8125
3.220004	2.6220703125
3.230004	2.4755859375
3.239996	2.3681640625
3.250004	2.3486328125
3.260004	2.392578125
3.270004	2.509765625
3.279996	2.6611328125
3.29	2.861328125
3.299996	3.0126953125
3.309996	3.115234375
3.32	3.1689453125
3.329996	3.1298828125
3.340004	3.02734375
3.350004	2.8759765625
3.360004	2.6953125
3.369996	2.5439453125
3.379996	2.4169921875
3.389996	2.36328125
3.399996	2.373046875
3.409996	2.470703125
3.419996	2.59765625
3.429996	2.7734375
3.439996	2.9296875
3.449996	3.0712890625
3.459996	3.134765625
3.469996	3.14453125
3.479996	3.0712890625
3.489996	2.9443359375
3.5	2.7880859375
3.509996	2.6171875
3.519996	2.4755859375
3.529996	2.3876953125
3.539996	2.3681640625
3.549996	2.4267578125
3.560004	2.548828125
3.570004	2.685546875
3.579996	2.861328125
3.590004	3.0078125
3.600004	3.095703125
3.610004	3.14453125
3.619996	3.095703125
3.63	2.998046875
3.639996	2.841796875
3.649996	2.6806640625
3.66	2.5439453125
3.669996	2.4267578125
3.679996	2.3828125
3.689996	2.412109375
3.699996	2.4951171875
3.709996	2.6318359375
3.719996	2.79296875
3.729996	2.9345703125
3.739996	3.0615234375
3.749996	3.115234375
3.759996	3.1103515625
3.769996	3.037109375
3.779996	2.9052734375
3.789996	2.7685546875
3.799996	2.6025390625
3.809996	2.4853515625
3.819996	2.4072265625
3.829996	2.4072265625
3.839996	2.470703125
3.849996	2.578125
3.860004	2.724609375
3.870004	2.87109375
3.879996	3.0126953125
3.890004	3.076171875
3.900004	3.115234375
3.910004	3.0615234375
3.919996	2.9541015625
3.93	2.8271484375
3.939996	2.6708984375
3.949996	2.5390625
3.96	2.4365234375
3.969996	2.4169921875
3.980004	2.4365234375
3.990004	2.5341796875
4.000004	2.6513671875
4.009996	2.822265625
4.019996	2.9443359375
4.029996	3.046875
4.039996	3.1005859375
4.049996	3.076171875
4.059996	3.0078125
4.069996	2.880859375
4.079996	2.7392578125
4.089996	2.5927734375
4.099996	2.4755859375
4.109996	2.421875
4.119996	2.4267578125
4.129996	2.490234375
4.14	2.607421875
4.149996	2.744140625
4.159996	2.8759765625
4.169996	3.0029296875
4.179996	3.06640625
4.189996	3.076171875
4.200004	3.02734375
4.210004	2.9248046875
4.219996	2.7978515625
4.230004	2.646484375
4.240004	2.5341796875
4.250004	2.451171875
4.259996	2.431640625
4.27	2.4658203125
4.279996	2.5732421875
4.289996	2.67578125
4.3	2.8369140625
4.309996	2.9541015625
4.319996	3.037109375
4.329996	3.0712890625
4.339996	3.056640625
4.349996	2.9638671875
4.359996	2.861328125
4.369996	2.705078125
4.379996	2.578125
4.389996	2.4853515625
4.399996	2.44140625
4.409996	2.4560546875
4.419996	2.5341796875
4.429996	2.6318359375
4.439996	2.7734375
4.449996	2.9052734375
4.459996	3.0029296875
4.469996	3.06640625
4.479996	3.0615234375
4.489996	3.0029296875
4.500004	2.9052734375
4.510004	2.783203125
4.519996	2.63671875
4.530004	2.529296875
4.540004	2.4658203125
4.550004	2.4560546875
4.559996	2.4951171875
4.57	2.5927734375
4.579996	2.7197265625
4.589996	2.8466796875
4.6	2.958984375
4.609996	3.0322265625
4.620004	3.056640625
4.630004	3.017578125
4.640004	2.9345703125
4.649996	2.8369140625
4.659996	2.6806640625
4.669996	2.578125
4.679996	2.48046875
4.689996	2.4609375
4.699996	2.48046875
4.709996	2.5634765625
4.719996	2.65625
4.729996	2.79296875
4.739996	2.9150390625
4.749996	2.998046875
4.759996	3.046875
4.769996	3.0322265625
4.78	2.9638671875
4.789996	2.8662109375
4.799996	2.75390625
4.809996	2.6220703125
4.819996	2.5244140625
4.829996	2.470703125
4.840004	2.4755859375
4.850004	2.529296875
4.859996	2.6220703125
4.870004	2.744140625
4.880004	2.8662109375
4.890004	2.958984375
4.899996	3.0322265625
4.91	3.0322265625
4.919996	2.998046875
4.929996	2.9052734375
4.94	2.802734375
4.949996	2.666015625
4.959996	2.568359375
4.969996	2.490234375
4.979996	2.4755859375
4.989996	2.5048828125
4.999996	2.5927734375
5.009996	2.6904296875
5.019996	2.8173828125
5.029996	2.9248046875
5.039996	2.998046875
5.049996	3.0322265625
5.059996	3.0029296875
5.069996	2.9443359375
5.079996	2.8369140625
5.089996	2.7197265625
5.099996	2.6123046875
5.109996	2.5244140625
5.119996	2.48046875
5.129996	2.4951171875
5.140004	2.568359375
5.150004	2.6513671875
5.159996	2.7783203125
5.170004	2.8857421875
5.180004	2.9638671875
5.190004	3.0224609375
5.199996	3.017578125
5.21	2.9638671875
5.219996	2.880859375
5.229996	2.763671875
5.24	2.646484375
5.249996	2.55859375
5.260004	2.5
5.270004	2.4951171875
5.280004	2.5341796875
5.289996	2.6171875
5.299996	2.724609375
5.309996	2.8466796875
5.319996	2.939453125
5.329996	2.9931640625
5.339996	3.0126953125
5.349996	2.9833984375
5.359996	2.9150390625
5.369996	2.8173828125
5.379996	2.685546875
5.389996	2.59765625
5.399996	2.5244140625
5.409996	2.490234375
5.42	2.509765625
5.429996	2.5927734375
5.439996	2.666015625
5.449996	2.802734375
5.459996	2.9052734375
5.469996	2.9638671875
5.480004	3.0078125
5.490004	2.9931640625
5.499996	2.939453125
5.510004	2.8515625
5.520004	2.7392578125
5.530004	2.6318359375
5.539996	2.5537109375
5.55	2.5146484375
5.559996	2.5048828125
5.569996	2.568359375
5.58	2.646484375
5.589996	2.7587890625
5.599996	2.861328125
5.609996	2.939453125
5.619996	2.98828125
5.629996	3.0029296875
5.639996	2.9541015625
5.649996	2.880859375
5.659996	2.7880859375
5.669996	2.6611328125
5.679996	2.5830078125
5.689996	2.5244140625
5.699996	2.5146484375
5.709996	2.5439453125
5.719996	2.6171875
5.729996	2.7099609375
5.739996	2.822265625
5.749996	2.91015625
5.759996	2.9638671875
5.769996	2.998046875
5.780004	2.96875
5.790004	2.91015625
5.799996	2.822265625
5.810004	2.7197265625
5.820004	2.6220703125
5.830004	2.5537109375
5.839996	2.51953125
5.85	2.529296875
5.859996	2.587890625
5.869996	2.666015625
5.88	2.7880859375
5.889996	2.87109375
5.900004	2.9443359375
5.910004	2.9833984375
5.920004	2.96875
5.929996	2.9345703125
5.939996	2.8515625
5.949996	2.7587890625
5.959996	2.65625
5.969996	2.5732421875
5.979996	2.5341796875
5.989996	2.5341796875
5.999996	2.5732421875
6.009996	2.6416015625
6.019996	2.744140625
6.029996	2.8515625
6.039996	2.9248046875
6.049996	2.9638671875
6.06	2.9833984375
6.069996	2.94921875
6.079996	2.8857421875
6.089996	2.802734375
6.099996	2.67578125
6.109996	2.6123046875
6.120004	2.5537109375
6.130004	2.529296875
6.139996	2.568359375
6.150004	2.6171875
6.160004	2.6953125
6.170004	2.8125
6.179996	2.8955078125
6.19	2.939453125
6.199996	2.9736328125
6.209996	2.94921875
6.22	2.91015625
6.229996	2.8271484375
6.239996	2.734375
6.249996	2.63671875
6.259996	2.5732421875
6.269996	2.5439453125
6.279996	2.548828125
6.289996	2.59765625
6.299996	2.6708984375
6.309996	2.7783203125
6.319996	2.8515625
6.329996	2.9296875
6.339996	2.958984375
6.349996	2.958984375
6.359996	2.9296875
6.369996	2.841796875
6.379996	2.7685546875
6.389996	2.67578125
6.399996	2.6025390625
6.409996	2.55859375
6.420004	2.5537109375
6.430004	2.5830078125
6.439996	2.646484375
6.450004	2.734375
6.460004	2.8369140625
6.470004	2.91015625
6.479996	2.9443359375
6.49	2.9638671875
6.499996	2.9345703125
6.509996	2.880859375
6.52	2.79296875
6.529996	2.6904296875
6.540004	2.626953125
6.550004	2.5732421875
6.560004	2.55859375
6.569996	2.578125
6.579996	2.626953125
6.589996	2.685546875
6.599996	2.79296875
6.609996	2.87109375
6.619996	2.9296875
6.629996	2.958984375
6.639996	2.9443359375
6.649996	2.91015625
6.659996	2.83203125
6.669996	2.744140625
6.679996	2.6513671875
6.689996	2.5927734375
6.7	2.55859375
6.709996	2.568359375
6.719996	2.6025390625
6.729996	2.6611328125
6.739996	2.763671875
6.749996	2.8466796875
6.760004	2.9052734375
6.770004	2.9443359375
6.779996	2.94921875
6.790004	2.9150390625
6.800004	2.8662109375
6.810004	2.7734375
6.819996	2.67578125
6.83	2.6123046875
6.839996	2.5732421875
6.849996	2.5634765625
6.86	2.5830078125
6.869996	2.6513671875
6.879996	2.724609375
6.889996	2.8173828125
6.899996	2.880859375
6.909996	2.9296875
6.919996	2.9443359375
6.929996	2.9296875
6.939996	2.87109375
6.949996	2.7978515625
6.959996	2.724609375
6.969996	2.63671875
6.979996	2.5927734375
6.989996	2.5732421875
6.999996	2.5830078125
7.009996	2.6318359375
7.019996	2.67578125
7.029996	2.79296875
7.039996	2.861328125
7.049996	2.91015625
7.060004	2.9443359375
7.070004	2.9345703125
7.079996	2.900390625
7.090004	2.83203125
7.100004	2.7490234375
7.110004	2.65625
7.119996	2.6025390625
7.13	2.568359375
7.139996	2.5732421875
7.149996	2.6123046875
7.16	2.6708984375
7.169996	2.75390625
7.180004	2.8369140625
7.190004	2.8955078125
7.200004	2.9248046875
7.209996	2.9345703125
7.219996	2.91015625
7.229996	2.8564453125
7.239996	2.783203125
7.249996	2.6806640625
7.259996	2.6318359375
7.269996	2.587890625
7.279996	2.578125
7.289996	2.59765625
7.299996	2.6513671875
7.309996	2.7197265625
7.319996	2.8125
7.329996	2.87109375
7.34	2.919921875
7.349996	2.9296875
7.359996	2.9150390625
7.369996	2.880859375
7.379996	2.8076171875
7.389996	2.7294921875
7.400004	2.646484375
7.410004	2.59765625
7.419996	2.5732421875
7.430004	2.59765625
7.440004	2.626953125
7.450004	2.6806640625
7.459996	2.7783203125
7.47	2.8466796875
7.479996	2.900390625
7.489996	2.9248046875
7.5	2.9248046875
7.509996	2.880859375
7.519996	2.8369140625
7.529996	2.763671875
7.539996	2.6708984375
7.549996	2.6220703125
7.559996	2.5830078125
7.569996	2.587890625
7.579996	2.6171875
7.589996	2.6611328125
7.599996	2.7490234375
7.609996	2.822265625
7.619996	2.8759765625
7.629996	2.91015625
7.639996	2.919921875
7.649996	2.8955078125
7.659996	2.8564453125
7.669996	2.7880859375
7.679996	2.685546875
7.689996	2.6416015625
7.700004	2.6025390625
7.710004	2.5927734375
7.719996	2.607421875
7.730004	2.6611328125
7.740004	2.7197265625
7.750004	2.802734375
7.759996	2.861328125
7.77	2.9052734375
7.779996	2.9248046875
7.789996	2.9052734375
7.8	2.87109375
7.809996	2.8076171875
7.820004	2.7392578125
7.830004	2.65625
7.840004	2.6123046875
7.849996	2.5927734375
7.859996	2.59765625
7.869996	2.6318359375
7.879996	2.685546875
7.889996	2.7734375
7.899996	2.8466796875
7.909996	2.880859375
7.919996	2.91015625
7.929996	2.9150390625
7.939996	2.87109375
7.949996	2.8369140625
7.959996	2.75390625
7.969996	2.6806640625
7.98	2.63671875
7.989996	2.6025390625
7.999996	2.59765625
8.009996	2.6171875
8.019996	2.666015625
8.029996	2.744140625
8.040004	2.8271484375
8.050004	2.8662109375
8.059996	2.900390625
8.070004	2.9150390625
8.080004	2.890625
8.090004	2.8466796875
8.099996	2.783203125
8.11	2.7099609375
8.119996	2.6416015625
8.129996	2.607421875
8.14	2.6025390625
8.149996	2.6123046875
8.159996	2.646484375
8.169996	2.71484375
8.179996	2.79296875
8.189996	2.8564453125
8.199996	2.8955078125
8.209996	2.9052734375
8.219996	2.900390625
8.229996	2.8662109375
8.239996	2.802734375
8.249996	2.7392578125
8.259996	2.666015625
8.269996	2.6220703125
8.279996	2.59765625
8.289996	2.6171875
8.299996	2.6416015625
8.309996	2.685546875
8.319996	2.7685546875
8.329996	2.841796875
8.340004	2.880859375
8.350004	2.900390625
8.359996	2.900390625
8.370004	2.87109375
8.380004	2.83203125
8.390004	2.763671875
8.399996	2.685546875
8.41	2.6416015625
8.419996	2.6123046875
8.429996	2.6025390625
8.44	2.6318359375
8.449996	2.67578125
8.460004	2.7294921875
8.470004	2.822265625
8.480004	2.861328125
8.489996	2.8955078125
8.499996	2.9052734375
8.509996	2.8857421875
8.519996	2.8515625
8.529996	2.7783203125
8.539996	2.7197265625
8.549996	2.6513671875
8.559996	2.626953125
8.569996	2.6123046875
8.579996	2.626953125
8.589996	2.666015625
8.599996	2.724609375
8.609996	2.79296875
8.62	2.8515625
8.629996	2.890625
8.639996	2.9052734375
8.649996	2.8955078125
8.659996	2.8564453125
8.669996	2.8076171875
8.680004	2.744140625
8.690004	2.666015625
8.699996	2.626953125
8.710004	2.607421875
8.720004	2.6220703125
8.730004	2.6416015625
8.739996	2.6806640625
8.75	2.763671875
8.759996	2.83203125
8.769996	2.8759765625
8.78	2.890625
8.789996	2.8955078125
8.799996	2.87109375
8.809996	2.8271484375
8.819996	2.7587890625
8.829996	2.6904296875
8.839996	2.646484375
8.849996	2.6171875
8.859996	2.6220703125
8.869996	2.6318359375
8.879996	2.67578125
8.889996	2.734375
8.899996	2.8125
8.909996	2.8564453125
8.919996	2.880859375
8.929996	2.8955078125
8.939996	2.8759765625
8.949996	2.8369140625
8.959996	2.7880859375
8.969996	2.7197265625
8.980004	2.6611328125
8.990004	2.626953125
8.999996	2.6171875
9.010004	2.6318359375
9.020004	2.6708984375
9.030004	2.7197265625
9.039996	2.783203125
9.05	2.8466796875
9.059996	2.8857421875
9.069996	2.8857421875
9.08	2.880859375
9.089996	2.861328125
9.100004	2.8076171875
9.110004	2.744140625
9.120004	2.67578125
9.129996	2.646484375
9.139996	2.6220703125
9.149996	2.6318359375
9.159996	2.6513671875
9.169996	2.6904296875
9.179996	2.75390625
9.189996	2.8369140625
9.199996	2.861328125
9.209996	2.8955078125
9.219996	2.890625
9.229996	2.87109375
9.239996	2.8271484375
9.249996	2.7685546875
9.26	2.685546875
9.269996	2.65625
9.279996	2.626953125
9.289996	2.6171875
9.299996	2.65625
9.309996	2.6708984375
9.320004	2.7392578125
9.330004	2.802734375
9.339996	2.8466796875
9.350004	2.8759765625
9.360004	2.890625
9.370004	2.87109375
9.379996	2.8369140625
9.39	2.7880859375
9.399996	2.7294921875
9.409996	2.666015625
9.42	2.6416015625
9.429996	2.6220703125
9.439996	2.63671875
9.449996	2.65625
9.459996	2.724609375
9.469996	2.7880859375
9.479996	2.841796875
9.489996	2.87109375
9.499996	2.8857421875
9.509996	2.880859375
9.519996	2.841796875
9.529996	2.802734375
9.539996	2.7392578125
9.549996	2.6806640625
9.559996	2.6513671875
9.569996	2.626953125
9.579996	2.626953125
9.589996	2.646484375
9.599996	2.7001953125
9.609996	2.7490234375
9.620004	2.8125
9.630004	2.861328125
9.639996	2.880859375
9.650004	2.8759765625
9.660004	2.8564453125
9.670004	2.822265625
9.679996	2.7685546875
9.69	2.7099609375
9.699996	2.6611328125
9.709996	2.6416015625
9.72	2.626953125
9.729996	2.6513671875
9.740004	2.6708984375
9.750004	2.744140625
9.760004	2.7978515625
9.769996	2.8466796875
9.779996	2.87109375
9.789996	2.8759765625
9.799996	2.8759765625
9.809996	2.8271484375
9.819996	2.7880859375
9.829996	2.7197265625
9.839996	2.6708984375
9.849996	2.6513671875
9.859996	2.63671875
9.869996	2.6416015625
9.879996	2.6611328125
9.889996	2.724609375
9.9	2.7783203125
9.909996	2.841796875
9.919996	2.87109375
9.929996	2.880859375
9.939996	2.8759765625
9.949996	2.8564453125
9.960004	2.7978515625
9.970004	2.75390625
9.979996	2.685546875
9.990004	2.6513671875
10.000004	2.63671875
10.010004	2.6318359375
10.019996	2.6513671875
10.03	2.7001953125
10.039996	2.763671875
10.049996	2.8173828125
10.06	2.8466796875
10.069996	2.8759765625
10.079996	2.87109375
10.089996	2.8564453125
10.099996	2.8125
10.109996	2.7685546875
10.119996	2.7099609375
10.129996	2.6611328125
10.139996	2.6416015625
10.149996	2.63671875
10.159996	2.6513671875
10.169996	2.685546875
10.179996	2.744140625
10.189996	2.7880859375
10.199996	2.841796875
10.209996	2.861328125
10.219996	2.8759765625
10.229996	2.8662109375
10.239996	2.822265625
10.249996	2.783203125
10.260004	2.734375
10.270004	2.67578125
10.279996	2.646484375
10.290004	2.646484375
10.300004	2.6416015625
10.310004	2.67578125
10.319996	2.724609375
10.33	2.783203125
10.339996	2.83203125
10.349996	2.861328125
10.36	2.87109375
10.369996	2.8662109375
10.380004	2.841796875
10.390004	2.7978515625
10.400004	2.7587890625
10.409996	2.6904296875
10.419996	2.6611328125
10.429996	2.646484375
10.439996	2.6416015625
10.449996	2.666015625
10.459996	2.705078125
10.469996	2.7587890625
10.479996	2.8076171875
10.489996	2.8466796875
10.499996	2.87109375
10.509996	2.8662109375
10.519996	2.8466796875
10.529996	2.802734375
10.54	2.763671875
10.549996	2.7099609375
10.559996	2.666015625
10.569996	2.65625
10.579996	2.646484375
10.589996	2.65625
10.600004	2.685546875
10.610004	2.7392578125
10.619996	2.79296875
10.630004	2.83203125
10.640004	2.8564453125
10.650004	2.8759765625
10.659996	2.861328125
10.67	2.83203125
10.679996	2.7880859375
10.689996	2.7392578125
10.7	2.6708984375
10.709996	2.65625
10.719996	2.6416015625
10.729996	2.6513671875
10.739996	2.67578125
10.749996	2.7294921875
10.759996	2.7880859375
10.769996	2.8271484375
10.779996	2.8515625
10.789996	2.87109375
10.799996	2.8515625
10.809996	2.8369140625
10.819996	2.79296875
10.829996	2.744140625
10.839996	2.6953125
10.849996	2.666015625
10.859996	2.65625
10.869996	2.6513671875
10.879996	2.666015625
10.889996	2.7001953125
10.900004	2.763671875
10.910004	2.8076171875
10.919996	2.8515625
10.930004	2.8564453125
10.940004	2.8662109375
10.950004	2.8466796875
10.959996	2.8125
10.97	2.763671875
10.979996	2.71484375
10.989996	2.67578125
11.0	2.646484375
11.009996	2.6513671875
11.020004	2.65625
11.030004	2.6904296875
11.040004	2.744140625
11.049996	2.7978515625
11.059996	2.8369140625
11.069996	2.8564453125
11.079996	2.861328125
11.089996	2.8515625
11.099996	2.8271484375
11.109996	2.783203125
11.119996	2.734375
11.129996	2.67578125
11.139996	2.6611328125
11.149996	2.6513671875
11.159996	2.65625
11.169996	2.6806640625
11.18	2.7294921875
11.189996	2.7734375
11.199996	2.8271484375
11.209996	2.8515625
11.219996	2.861328125
11.229996	2.8564453125
11.240004	2.8369140625
11.250004	2.79296875
11.259996	2.75390625
11.270004	2.6953125
11.280004	2.6611328125
11.290004	2.6513671875
11.299996	2.65625
11.31	2.67578125
11.319996	2.7099609375
11.329996	2.763671875
11.34	2.802734375
11.349996	2.8466796875
11.359996	2.8564453125
11.369996	2.861328125
11.379996	2.8466796875
11.389996	2.802734375
11.399996	2.763671875
11.409996	2.71484375
11.419996	2.67578125
11.429996	2.6513671875
11.439996	2.65625
11.449996	2.6611328125
11.459996	2.6904296875
11.469996	2.7490234375
11.479996	2.79296875
11.489996	2.83203125
11.499996	2.8515625
11.509996	2.861328125
11.519996	2.8369140625
11.529996	2.822265625
11.540004	2.7734375
11.550004	2.7392578125
11.559996	2.6806640625
11.570004	2.65625
11.580004	2.65625
11.590004	2.65625
11.599996	2.67578125
11.61	2.734375
11.619996	2.7783203125
11.629996	2.822265625
11.64	2.8466796875
11.649996	2.8515625
11.660004	2.8466796875
11.670004	2.83203125
11.680004	2.783203125
11.689996	2.7490234375
11.699996	2.705078125
11.709996	2.666015625
11.719996	2.65625
11.729996	2.6513671875
11.739996	2.67578125
11.749996	2.71484375
11.759996	2.763671875
11.769996	2.79296875
11.779996	2.8369140625
11.789996	2.8515625
11.799996	2.8515625
11.809996	2.8271484375
11.82	2.7978515625
11.829996	2.7685546875
11.839996	2.7197265625
11.849996	2.6708984375
11.859996	2.6611328125
11.869996	2.6611328125
11.880004	2.6611328125
11.890004	2.705078125
11.899996	2.744140625
11.910004	2.79296875
11.920004	2.8369140625
11.930004	2.841796875
11.939996	2.8564453125
11.95	2.8369140625
11.959996	2.822265625
11.969996	2.7783203125
11.98	2.744140625
11.989996	2.685546875
11.999996	2.6611328125
12.009996	2.6611328125
12.019996	2.6708984375
12.029996	2.6904296875
12.039996	2.7392578125
12.049996	2.7734375
12.059996	2.8125
12.069996	2.8466796875
12.079996	2.8515625
12.089996	2.8515625
12.099996	2.83203125
12.109996	2.783203125
12.119996	2.75390625
12.129996	2.7001953125
12.139996	2.6708984375
12.149996	2.65625
12.159996	2.666015625
12.169996	2.6708984375
12.180004	2.7197265625
12.190004	2.763671875
12.199996	2.7978515625
12.210004	2.83203125
12.220004	2.8515625
12.230004	2.841796875
12.239996	2.8369140625
12.25	2.7978515625
12.259996	2.763671875
12.269996	2.7294921875
12.28	2.6806640625
12.289996	2.666015625
12.300004	2.666015625
12.310004	2.666015625
12.320004	2.7099609375
12.329996	2.7490234375
12.339996	2.7880859375
12.349996	2.8271484375
12.359996	2.8466796875
12.369996	2.8466796875
12.379996	2.841796875
12.389996	2.8125
12.399996	2.783203125
12.409996	2.744140625
12.419996	2.685546875
12.429996	2.666015625
12.439996	2.6611328125
12.449996	2.666015625
12.46	2.6904296875
12.469996	2.734375
12.479996	2.7783203125
12.489996	2.8125
12.499996	2.841796875
12.509996	2.8466796875
12.520004	2.8369140625
12.530004	2.822265625
12.539996	2.79296875
12.550004	2.75390625
12.560004	2.705078125
12.570004	2.67578125
12.579996	2.666015625
12.59	2.6611328125
12.599996	2.67578125
12.609996	2.7197265625
12.62	2.763671875
12.629996	2.7978515625
12.639996	2.8369140625
12.649996	2.841796875
12.659996	2.8466796875
12.669996	2.822265625
12.679996	2.7978515625
12.689996	2.7587890625
12.699996	2.7294921875
12.709996	2.6806640625
12.719996	2.666015625
12.729996	2.6611328125
12.739996	2.67578125
12.749996	2.7099609375
12.759996	2.734375
12.769996	2.79296875
12.779996	2.822265625
12.789996	2.841796875
12.799996	2.841796875
12.809996	2.841796875
12.820004	2.8076171875
12.830004	2.7734375
12.839996	2.7392578125
12.850004	2.6806640625
12.860004	2.6708984375
12.870004	2.65625
12.879996	2.67578125
12.89	2.6904296875
12.899996	2.734375
12.909996	2.783203125
12.92	2.8076171875
12.929996	2.83203125
12.940004	2.841796875
12.950004	2.8369140625
12.960004	2.8173828125
12.969996	2.7880859375
12.979996	2.7490234375
12.989996	2.7099609375
12.999996	2.6708984375
13.009996	2.666015625
13.019996	2.6708984375
13.029996	2.685546875
13.039996	2.724609375
13.049996	2.763671875
13.059996	2.802734375
13.069996	2.8271484375
13.079996	2.841796875
13.089996	2.8369140625
13.1	2.8271484375
13.109996	2.79296875
13.119996	2.763671875
13.129996	2.724609375
13.139996	2.685546875
13.149996	2.6708984375
13.160004	2.6611328125
13.170004	2.6806640625
13.179996	2.7197265625
13.190004	2.75390625
13.200004	2.783203125
13.210004	2.8173828125
13.219996	2.8369140625
13.23	2.8466796875
13.239996	2.8369140625
13.249996	2.7978515625
13.26	2.7734375
13.269996	2.7392578125
13.279996	2.6953125
13.289996	2.67578125
13.299996	2.6611328125
13.309996	2.67578125
13.319996	2.6953125
13.329996	2.744140625
13.339996	2.7734375
13.349996	2.8076171875
13.359996	2.8369140625
13.369996	2.8369140625
13.379996	2.8369140625
13.389996	2.802734375
13.399996	2.783203125
13.409996	2.75390625
13.419996	2.71484375
13.429996	2.6806640625
13.439996	2.67578125
13.449996	2.67578125
13.460004	2.6904296875
13.470004	2.7294921875
13.479996	2.7587890625
13.490004	2.79296875
13.500004	2.8271484375
13.510004	2.841796875
13.519996	2.83203125
13.53	2.822265625
13.539996	2.79296875
13.549996	2.7587890625
13.56	2.7197265625
13.569996	2.685546875
13.580004	2.67578125
13.590004	2.666015625
13.600004	2.685546875
13.609996	2.7197265625
13.619996	2.75390625
13.629996	2.7978515625
13.639996	2.8125
13.649996	2.8369140625
13.659996	2.83203125
13.669996	2.8271484375
13.679996	2.802734375
13.689996	2.7783203125
13.699996	2.7392578125
13.709996	2.7001953125
13.719996	2.6708984375
13.729996	2.6708984375
13.74	2.6708984375
13.749996	2.705078125
13.759996	2.744140625
13.769996	2.7783203125
13.779996	2.8125
13.789996	2.83203125
13.800004	2.8369140625
13.810004	2.83203125
13.819996	2.8076171875
13.830004	2.7880859375
13.840004	2.744140625
13.850004	2.7197265625
13.859996	2.67578125
13.87	2.6708984375
13.879996	2.67578125
13.889996	2.6904296875
13.9	2.724609375
13.909996	2.75390625
13.919996	2.802734375
13.929996	2.8125
13.939996	2.841796875
13.949996	2.8271484375
13.959996	2.8173828125
13.969996	2.7880859375
13.979996	2.763671875
13.989996	2.7294921875
13.999996	2.685546875
14.009996	2.6708984375
14.019996	2.67578125
14.029996	2.6904296875
14.039996	2.7197265625
14.049996	2.75390625
14.059996	2.7880859375
14.069996	2.8076171875
14.079996	2.8369140625
14.089996	2.83203125
14.100004	2.8271484375
14.110004	2.7978515625
14.119996	2.7734375
14.130004	2.734375
14.140004	2.705078125
14.150004	2.685546875
14.159996	2.67578125
14.17	2.685546875
14.179996	2.705078125
14.189996	2.7392578125
14.2	2.7734375
14.209996	2.802734375
14.220004	2.8271484375
14.230004	2.8369140625
14.240004	2.8271484375
14.249996	2.8076171875
14.259996	2.783203125
14.269996	2.7490234375
14.279996	2.71484375
14.289996	2.685546875
14.299996	2.666015625
14.309996	2.6708984375
14.319996	2.6904296875
14.329996	2.734375
14.339996	2.763671875
14.349996	2.7978515625
14.359996	2.8271484375
14.369996	2.83203125
14.38	2.83203125
14.389996	2.8173828125
14.399996	2.7880859375
14.409996	2.763671875
14.419996	2.724609375
14.429996	2.6904296875
14.440004	2.6806640625
14.450004	2.6708984375
14.459996	2.6904296875
14.470004	2.724609375
14.480004	2.7587890625
14.490004	2.783203125
14.499996	2.8173828125
14.51	2.83203125
14.519996	2.8369140625
14.529996	2.822265625
14.54	2.7978515625
14.549996	2.7734375
14.559996	2.734375
14.569996	2.7099609375
14.579996	2.6806640625
14.589996	2.67578125
14.599996	2.685546875
14.609996	2.71484375
14.619996	2.75390625
14.629996	2.7685546875
14.639996	2.8125
14.649996	2.822265625
14.659996	2.83203125
14.669996	2.822265625
14.679996	2.7978515625
14.689996	2.7783203125
14.699996	2.75390625
14.709996	2.724609375
14.719996	2.685546875
14.729996	2.6806640625
14.740004	2.6806640625
14.750004	2.7001953125
14.759996	2.734375
14.770004	2.763671875
14.780004	2.79296875
14.790004	2.822265625
14.799996	2.8271484375
14.81	2.8271484375
14.819996	2.8173828125
14.829996	2.7880859375
14.84	2.763671875
14.849996	2.7197265625
14.860004	2.6953125
14.870004	2.6806640625
14.880004	2.685546875
14.889996	2.7001953125
14.899996	2.7294921875
14.909996	2.7587890625
14.919996	2.7783203125
14.929996	2.8125
14.939996	2.822265625
14.949996	2.8271484375
14.959996	2.8125
14.969996	2.7978515625
14.979996	2.7734375
14.989996	2.7294921875
14.999996	2.705078125
15.009996	2.6806640625
15.02	2.6806640625
15.029996	2.6904296875
15.039996	2.724609375
15.049996	2.744140625
15.059996	2.7783203125
15.069996	2.802734375
15.080004	2.8271484375
15.090004	2.822265625
15.099996	2.8271484375
15.110004	2.7978515625
15.120004	2.7783203125
15.130004	2.744140625
15.139996	2.71484375
15.15	2.685546875
15.159996	2.6806640625
15.169996	2.6708984375
15.18	2.705078125
15.189996	2.7294921875
15.199996	2.7685546875
15.209996	2.79296875
15.219996	2.8173828125
15.229996	2.8271484375
15.239996	2.8271484375
15.249996	2.8125
15.259996	2.783203125
15.269996	2.75390625
15.279996	2.734375
15.289996	2.7001953125
15.299996	2.6806640625
15.309996	2.6806640625
15.319996	2.7001953125
15.329996	2.734375
15.339996	2.75390625
15.349996	2.7880859375
15.359996	2.8125
15.369996	2.822265625
15.380004	2.822265625
15.390004	2.8076171875
15.399996	2.79296875
15.410004	2.763671875
15.420004	2.744140625
15.430004	2.705078125
15.439996	2.685546875
15.45	2.685546875
15.459996	2.6904296875
15.469996	2.7197265625
15.48	2.744140625
15.489996	2.783203125
15.500004	2.79296875
15.510004	2.822265625
15.520004	2.8271484375
15.529996	2.8173828125
15.539996	2.802734375
15.549996	2.7734375
15.559996	2.75390625
15.569996	2.724609375
15.579996	2.6953125
15.589996	2.67578125
15.599996	2.6904296875
15.609996	2.7099609375
15.619996	2.734375
15.629996	2.7734375
15.639996	2.7880859375
15.649996	2.8173828125
15.66	2.822265625
15.669996	2.822265625
15.679996	2.802734375
15.689996	2.7880859375
15.699996	2.763671875
15.709996	2.734375
15.720004	2.7001953125
15.730004	2.685546875
15.739996	2.685546875
15.750004	2.705078125
15.760004	2.7294921875
15.770004	2.75390625
15.779996	2.7880859375
15.79	2.8076171875
15.799996	2.8173828125
15.809996	2.822265625
15.82	2.8076171875
15.829996	2.7880859375
15.839996	2.7587890625
15.849996	2.744140625
15.859996	2.7099609375
15.869996	2.685546875
15.879996	2.6806640625
15.889996	2.6953125
15.899996	2.7294921875
15.909996	2.7490234375
15.919996	2.7734375
15.929996	2.7978515625
15.939996	2.8173828125
15.949996	2.8173828125
15.959996	2.822265625
15.969996	2.79296875
15.979996	2.7783203125
15.989996	2.75390625
15.999996	2.7197265625
16.009996	2.6953125
16.020004	2.6806640625
16.030004	2.6904296875
16.039996	2.724609375
16.050004	2.744140625
16.060004	2.7734375
16.070004	2.79296875
16.079996	2.8125
16.09	2.822265625
16.099996	2.822265625
16.109996	2.79296875
16.12	2.7783203125
16.129996	2.7587890625
16.140004	2.7294921875
16.150004	2.705078125
16.160004	2.6806640625
16.169996	2.685546875
16.179996	2.705078125
16.189996	2.744140625
16.199996	2.7587890625
16.209996	2.7880859375
16.219996	2.8076171875
16.229996	2.822265625
16.239996	2.822265625
16.249996	2.802734375
16.259996	2.7880859375
16.269996	2.763671875
16.279996	2.734375
16.289996	2.71484375
16.3	2.6904296875
16.309996	2.6904296875
16.319996	2.705078125
16.329996	2.7294921875
16.339996	2.75390625
16.349996	2.783203125
16.360004	2.7978515625
16.370004	2.8125
16.379996	2.8125
16.390004	2.8173828125
16.400004	2.7880859375
16.410004	2.7734375
16.419996	2.7392578125
16.43	2.71484375
16.439996	2.6904296875
16.449996	2.6806640625
16.46	2.6953125
16.469996	2.7197265625
16.479996	2.744140625
16.489996	2.7587890625
16.499996	2.79296875
16.509996	2.8076171875
16.519996	2.8125
16.529996	2.8076171875
16.539996	2.79296875
16.549996	2.7783203125
16.559996	2.75390625
16.569996	2.734375
16.579996	2.705078125
16.589996	2.6953125
16.599996	2.6953125
16.609996	2.71484375
16.619996	2.734375
16.629996	2.7587890625
16.639996	2.783203125
16.649996	2.802734375
16.660004	2.8125
16.670004	2.8173828125
16.679996	2.8076171875
16.690004	2.783203125
16.700004	2.763671875
16.710004	2.7392578125
16.719996	2.71484375
16.73	2.6953125
16.739996	2.6904296875
16.749996	2.7001953125
16.76	2.7197265625
16.769996	2.7587890625
16.780004	2.7783203125
16.790004	2.79296875
16.800004	2.8125
16.809996	2.8173828125
16.819996	2.8173828125
16.829996	2.79296875
16.839996	2.7783203125
16.849996	2.7490234375
16.859996	2.724609375
16.869996	2.7001953125
16.879996	2.6904296875
16.889996	2.705078125
16.899996	2.71484375
16.909996	2.7490234375
16.919996	2.7685546875
16.929996	2.7880859375
16.94	2.8076171875
16.949996	2.8173828125
16.959996	2.8125
16.969996	2.7978515625
16.979996	2.7783203125
16.989996	2.7490234375
17.000004	2.734375
17.010004	2.705078125
17.019996	2.6953125
17.030004	2.6904296875
17.040004	2.71484375
17.050004	2.7392578125
17.059996	2.75390625
17.07	2.7783203125
17.079996	2.802734375
17.089996	2.8125
17.1	2.8125
17.109996	2.7978515625
17.119996	2.7880859375
17.129996	2.7587890625
17.139996	2.7392578125
17.149996	2.7197265625
17.159996	2.6953125
17.169996	2.6904296875
17.179996	2.7099609375
17.189996	2.7294921875
17.199996	2.75390625
17.209996	2.7783203125
17.219996	2.7978515625
17.229996	2.8076171875
17.239996	2.8125
17.249996	2.802734375
17.259996	2.7880859375
17.269996	2.763671875
17.279996	2.7490234375
17.289996	2.7294921875
17.300004	2.7099609375
17.310004	2.6953125
17.319996	2.6953125
17.330004	2.724609375
17.340004	2.7490234375
17.350004	2.7685546875
17.359996	2.79296875
17.37	2.8076171875
17.379996	2.8125
17.389996	2.8076171875
17.4	2.7978515625
17.409996	2.7783203125
17.420004	2.7490234375
17.430004	2.724609375
17.440004	2.7099609375
17.449996	2.6953125
17.459996	2.705078125
17.469996	2.724609375
17.479996	2.7392578125
17.489996	2.7587890625
17.499996	2.7783203125
17.509996	2.79296875
17.519996	2.8125
17.529996	2.8076171875
17.539996	2.7978515625
17.549996	2.783203125
17.559996	2.763671875
17.569996	2.7392578125
17.58	2.7197265625
17.589996	2.7001953125
17.599996	2.705078125
17.609996	2.7099609375
17.619996	2.734375
17.629996	2.7490234375
17.640004	2.7685546875
17.650004	2.79296875
17.659996	2.8125
17.670004	2.8125
17.680004	2.8076171875
17.690004	2.783203125
17.699996	2.763671875
17.71	2.744140625
17.719996	2.724609375
17.729996	2.7099609375
17.74	2.7099609375
17.749996	2.7099609375
17.759996	2.724609375
17.769996	2.7490234375
17.779996	2.7685546875
17.789996	2.7880859375
17.799996	2.802734375
17.809996	2.8125
17.819996	2.8076171875
17.829996	2.7978515625
17.839996	2.7685546875
17.849996	2.75390625
17.859996	2.7392578125
17.869996	2.71484375
17.879996	2.705078125
17.889996	2.6953125
17.899996	2.7197265625
17.909996	2.7392578125
17.919996	2.7587890625
17.929996	2.7783203125
17.940004	2.8076171875
17.950004	2.8125
17.959996	2.802734375
17.970004	2.79296875
17.980004	2.783203125
17.990004	2.7587890625
17.999996	2.734375
18.01	2.7197265625
18.019996	2.705078125
18.029996	2.6953125
18.04	2.7197265625
18.049996	2.7392578125
18.060004	2.75390625
18.070004	2.7783203125
18.080004	2.7978515625
18.089996	2.7978515625
18.099996	2.8125
18.109996	2.79296875
18.119996	2.7880859375
18.129996	2.7587890625
18.139996	2.744140625
18.149996	2.7294921875
18.159996	2.7099609375
18.169996	2.7099609375
18.179996	2.7099609375
18.189996	2.7392578125
18.199996	2.75390625
18.209996	2.7734375
18.22	2.79296875
18.229996	2.802734375
18.239996	2.8125
18.249996	2.8076171875
18.259996	2.7880859375
18.269996	2.7685546875
18.280004	2.7587890625
18.290004	2.734375
18.299996	2.7197265625
18.310004	2.7099609375
18.320004	2.7099609375
18.330004	2.7294921875
18.339996	2.744140625
18.35	2.763671875
18.359996	2.783203125
18.369996	2.79296875
18.38	2.8076171875
18.389996	2.8125
18.399996	2.7978515625
18.409996	2.7783203125
18.419996	2.7587890625
18.429996	2.7392578125
18.439996	2.724609375
18.449996	2.705078125
18.459996	2.7001953125
18.469996	2.7197265625
18.479996	2.744140625
18.489996	2.763671875
18.499996	2.7783203125
18.509996	2.7978515625
18.519996	2.8076171875
18.529996	2.8076171875
18.539996	2.7978515625
18.549996	2.7783203125
18.559996	2.763671875
18.569996	2.744140625
18.580004	2.724609375
18.590004	2.71484375
18.599996	2.7001953125
18.610004	2.71484375
18.620004	2.7294921875
18.630004	2.7490234375
18.639996	2.7685546875
18.65	2.7978515625
18.659996	2.802734375
18.669996	2.802734375
18.68	2.7978515625
18.689996	2.7880859375
18.700004	2.7783203125
18.710004	2.7587890625
18.720004	2.734375
18.729996	2.7197265625
18.739996	2.7099609375
18.749996	2.71484375
18.759996	2.734375
18.769996	2.744140625
18.779996	2.763671875
18.789996	2.783203125
18.799996	2.79296875
18.809996	2.8076171875
18.819996	2.8076171875
18.829996	2.7880859375
18.839996	2.7783203125
18.849996	2.7587890625
18.86	2.7294921875
18.869996	2.71484375
18.879996	2.705078125
18.889996	2.7099609375
18.899996	2.7197265625
18.909996	2.734375
18.920004	2.7587890625
18.930004	2.7783203125
18.939996	2.7880859375
18.950004	2.7978515625
18.960004	2.802734375
18.970004	2.7880859375
18.979996	2.7783203125
18.99	2.763671875
18.999996	2.744140625
19.009996	2.7294921875
19.02	2.7099609375
19.029996	2.7099609375
19.039996	2.7197265625
19.049996	2.734375
19.059996	2.7490234375
19.069996	2.7783203125
19.079996	2.7783203125
19.089996	2.7978515625
19.099996	2.802734375
19.109996	2.802734375
19.119996	2.7880859375
19.129996	2.763671875
19.139996	2.7490234375
19.149996	2.734375
19.159996	2.7197265625
19.169996	2.7099609375
19.179996	2.71484375
19.189996	2.7294921875
19.199996	2.75390625
19.209996	2.7685546875
19.220004	2.783203125
19.230004	2.7880859375
19.239996	2.802734375
19.250004	2.7978515625
19.260004	2.7880859375
19.270004	2.7734375
19.279996	2.7490234375
19.29	2.744140625
19.299996	2.724609375
19.309996	2.7099609375
19.32	2.71484375
19.329996	2.7294921875
19.340004	2.7392578125
19.350004	2.763671875
19.360004	2.7783203125
19.369996	2.79296875
19.379996	2.7978515625
19.389996	2.7978515625
19.399996	2.79296875
19.409996	2.7783203125
19.419996	2.763671875
19.429996	2.7392578125
19.439996	2.724609375
19.449996	2.71484375
19.459996	2.71484375
19.469996	2.7197265625
19.479996	2.734375
19.489996	2.7490234375
19.5	2.7734375
19.509996	2.79296875
19.519996	2.7880859375
19.529996	2.7978515625
19.539996	2.79296875
19.549996	2.7880859375
19.560004	2.7734375
19.570004	2.75390625
19.579996	2.734375
19.590004	2.7197265625
19.600004	2.71484375
19.610004	2.7197265625
19.619996	2.7294921875
19.63	2.744140625
19.639996	2.7734375
19.649996	2.783203125
19.66	2.802734375
19.669996	2.802734375
19.679996	2.79296875
19.689996	2.7880859375
19.699996	2.783203125
19.709996	2.7490234375
19.719996	2.7392578125
19.729996	2.7197265625
19.739996	2.7197265625
19.749996	2.71484375
19.759996	2.724609375
19.769996	2.744140625
19.779996	2.75390625
19.789996	2.783203125
19.799996	2.79296875
19.809996	2.8076171875
19.819996	2.802734375
19.829996	2.79296875
19.839996	2.783203125
19.849996	2.7685546875
19.860004	2.7490234375
19.870004	2.7294921875
19.879996	2.71484375
19.890004	2.7099609375
19.900004	2.7197265625
19.910004	2.744140625
19.919996	2.7587890625
19.93	2.7734375
19.939996	2.79296875
19.949996	2.79296875
19.96	2.79296875
19.969996	2.7978515625
19.980004	2.783203125
19.990004	2.7734375
20.000004	2.763671875
20.009996	2.7392578125
20.019996	2.724609375
20.029996	2.7099609375
20.039996	2.7197265625
20.049996	2.7294921875
20.059996	2.75390625
20.069996	2.7685546875
20.079996	2.7880859375
20.089996	2.7978515625
20.099996	2.7978515625
20.109996	2.7978515625
20.119996	2.7880859375
20.129996	2.783203125
20.14	2.7587890625
20.149996	2.734375
20.159996	2.724609375
20.169996	2.7197265625
20.179996	2.724609375
20.189996	2.7294921875
20.200004	2.7392578125
20.210004	2.7587890625
20.219996	2.783203125
20.230004	2.79296875
20.240004	2.7978515625
20.250004	2.79296875
20.259996	2.79296875
20.27	2.7783203125
20.279996	2.7587890625
20.289996	2.744140625
20.3	2.7197265625
20.309996	2.724609375
20.319996	2.7099609375
20.329996	2.7294921875
20.339996	2.734375
20.349996	2.75390625
