Channel Accuracy: 10 Bits
Measurement Range 0...5V --> Resolution: 5V/2^10 = 4.9mV
Measured Single Channel at a Frequency of 100 Hz
Time (s)	Voltage (V)
0	2.2802734375
0.01	2.28515625
0.020004	2.2802734375
0.030004	2.2802734375
0.039996	2.28515625
0.049996	2.2900390625
0.060004	2.28515625
0.070004	2.2900390625
0.079996	2.28515625
0.09	2.28515625
0.099996	2.28515625
0.109996	2.28515625
0.12	2.28515625
0.129996	2.28515625
0.139996	2.2900390625
0.149996	2.2802734375
0.159996	2.2900390625
0.169996	2.2900390625
0.179996	2.28515625
0.189996	2.2900390625
0.199996	2.2900390625
0.209996	2.2900390625
0.22	2.28515625
0.229996	2.2802734375
0.240004	2.275390625
0.249996	2.28515625
0.26	2.2802734375
0.269996	2.275390625
0.280004	2.2802734375
0.289996	2.2802734375
0.299996	2.28515625
0.309996	2.2802734375
0.319996	2.2802734375
0.330004	2.2802734375
0.339996	2.28515625
0.349996	2.275390625
0.360004	2.2802734375
0.370004	2.28515625
0.379996	2.2802734375
0.39	2.2802734375
0.399996	2.275390625
0.409996	2.2802734375
0.42	2.2802734375
0.43	2.28515625
0.440004	2.28515625
0.450004	2.2802734375
0.460004	2.2802734375
0.469996	2.275390625
0.479996	2.28515625
0.489996	2.28515625
0.499996	2.2802734375
0.509996	2.275390625
0.519996	2.28515625
0.529996	2.2802734375
0.540004	2.2802734375
0.549996	2.28515625
0.56	2.2802734375
0.569996	2.28515625
0.580004	2.2802734375
0.589996	2.2802734375
0.6	2.275390625
0.609996	2.28515625
0.620004	2.275390625
0.630004	2.2802734375
0.639996	2.2802734375
0.650004	2.275390625
0.660004	2.2705078125
0.670004	2.275390625
0.679996	2.275390625
0.689996	2.265625
0.700004	2.2705078125
0.710004	2.265625
0.719996	2.275390625
0.73	2.2705078125
0.739996	2.255859375
0.749996	2.2607421875
0.76	2.2998046875
0.769996	2.666015625
0.779996	3.10546875
0.789996	3.3642578125
0.799996	3.154296875
0.809996	2.7490234375
0.819996	2.3828125
0.829996	2.3876953125
0.839996	2.7490234375
0.849996	3.125
0.86	3.330078125
0.869996	3.115234375
0.880004	2.7392578125
0.889996	2.4072265625
0.9	2.4365234375
0.909996	2.783203125
0.920004	3.1396484375
0.929996	3.30078125
0.939996	3.0615234375
0.949996	2.71484375
0.959996	2.4169921875
0.970004	2.48046875
0.979996	2.8125
0.989996	3.1494140625
1.000004	3.2568359375
1.010004	3.0419921875
1.019996	2.6806640625
1.03	2.4267578125
1.039996	2.51953125
1.049996	2.8369140625
1.06	3.154296875
1.07	3.2080078125
1.080004	2.98828125
1.090004	2.65625
1.100004	2.4462890625
1.109996	2.5537109375
1.119996	2.8759765625
1.129996	3.1494140625
1.139996	3.1689453125
1.149996	2.939453125
1.159996	2.6416015625
1.169996	2.4658203125
1.180004	2.5830078125
1.189996	2.880859375
1.2	3.14453125
1.209996	3.1494140625
1.220004	2.9248046875
1.229996	2.626953125
1.24	2.4755859375
1.249996	2.626953125
1.260004	2.91015625
1.270004	3.14453125
1.279996	3.125
1.290004	2.880859375
1.300004	2.6123046875
1.310004	2.5
1.319996	2.6708984375
1.329996	2.939453125
1.340004	3.1298828125
1.350004	3.1103515625
1.359996	2.8564453125
1.37	2.6171875
1.379996	2.529296875
1.389996	2.685546875
1.4	2.958984375
1.409996	3.125
1.419996	3.0810546875
1.429996	2.8515625
1.439996	2.607421875
1.449996	2.5439453125
1.459996	2.7197265625
1.469996	2.96875
1.479996	3.1201171875
1.489996	3.056640625
1.5	2.8369140625
1.509996	2.6025390625
1.520004	2.5537109375
1.529996	2.7490234375
1.54	2.9736328125
1.549996	3.115234375
1.560004	3.037109375
1.569996	2.8076171875
1.579996	2.607421875
1.589996	2.568359375
1.599996	2.7587890625
1.610004	2.9736328125
1.619996	3.1103515625
1.629996	3.0078125
1.640004	2.7978515625
1.650004	2.607421875
1.659996	2.5830078125
1.67	2.7685546875
1.679996	2.9833984375
1.689996	3.095703125
1.7	2.9931640625
1.71	2.7880859375
1.720004	2.6123046875
1.730004	2.6123046875
1.740004	2.783203125
1.749996	2.98828125
1.759996	3.0810546875
1.769996	2.9736328125
1.779996	2.7783203125
1.789996	2.6171875
1.799996	2.626953125
1.809996	2.7978515625
1.820004	2.998046875
1.829996	3.0712890625
1.84	2.9638671875
1.849996	2.7685546875
1.860004	2.6123046875
1.869996	2.6416015625
1.88	2.8125
1.889996	2.98828125
1.900004	3.0615234375
1.910004	2.9443359375
1.919996	2.7587890625
1.930004	2.6220703125
1.940004	2.666015625
1.950004	2.8173828125
1.959996	2.998046875
1.969996	3.046875
1.980004	2.9345703125
1.990004	2.75390625
1.999996	2.626953125
2.01	2.65625
2.019996	2.8369140625
2.029996	2.9931640625
2.04	3.037109375
2.049996	2.919921875
2.059996	2.75390625
2.069996	2.626953125
2.079996	2.6953125
2.089996	2.8466796875
2.099996	2.998046875
2.109996	3.017578125
2.119996	2.8955078125
2.129996	2.7490234375
2.14	2.63671875
2.149996	2.7099609375
2.160004	2.8564453125
2.169996	3.0029296875
2.18	3.0126953125
2.189996	2.8857421875
2.200004	2.744140625
2.209996	2.6416015625
2.219996	2.7294921875
2.229996	2.8564453125
2.239996	2.9931640625
2.250004	3.0078125
2.259996	2.8759765625
2.269996	2.7392578125
2.280004	2.65625
2.290004	2.734375
2.299996	2.8662109375
2.31	2.998046875
2.319996	3.0029296875
2.329996	2.8759765625
2.34	2.744140625
2.35	2.6611328125
2.360004	2.7490234375
2.370004	2.87109375
2.380004	3.0029296875
2.389996	2.9931640625
2.399996	2.8662109375
2.409996	2.7392578125
2.419996	2.6611328125
2.429996	2.75390625
2.439996	2.880859375
2.449996	2.98828125
2.460004	2.9833984375
2.469996	2.8466796875
2.48	2.734375
2.489996	2.666015625
2.500004	2.75390625
2.509996	2.8857421875
2.52	2.9931640625
2.529996	2.9736328125
2.540004	2.8369140625
2.550004	2.734375
2.559996	2.6806640625
2.570004	2.7587890625
2.580004	2.890625
2.590004	2.98828125
2.599996	2.9638671875
2.609996	2.8369140625
2.620004	2.7392578125
2.630004	2.685546875
2.639996	2.763671875
2.65	2.8955078125
2.659996	2.98828125
2.669996	2.939453125
2.68	2.83203125
2.689996	2.7392578125
2.699996	2.6953125
2.709996	2.7783203125
2.719996	2.9052734375
2.729996	2.978515625
2.739996	2.9345703125
2.749996	2.83203125
2.759996	2.734375
2.769996	2.7099609375
2.78	2.783203125
2.789996	2.9052734375
2.800004	2.9736328125
2.809996	2.9248046875
2.82	2.822265625
2.829996	2.724609375
2.840004	2.71484375
2.849996	2.7880859375
2.859996	2.9150390625
2.869996	2.9736328125
2.879996	2.9248046875
2.890004	2.7978515625
2.899996	2.7294921875
2.909996	2.724609375
2.920004	2.7978515625
2.930004	2.91015625
2.939996	2.9638671875
2.95	2.9248046875
2.959996	2.802734375
2.969996	2.734375
2.98	2.734375
2.99	2.8076171875
3.000004	2.919921875
3.010004	2.96875
3.020004	2.91015625
3.029996	2.7978515625
3.039996	2.7294921875
3.049996	2.744140625
3.059996	2.8173828125
3.069996	2.9150390625
3.079996	2.96875
3.089996	2.9052734375
3.100004	2.79296875
3.109996	2.734375
3.12	2.7490234375
3.129996	2.8125
3.140004	2.9248046875
3.149996	2.9541015625
3.16	2.900390625
3.169996	2.7880859375
3.180004	2.744140625
3.190004	2.744140625
3.199996	2.822265625
3.210004	2.9248046875
3.220004	2.9443359375
3.230004	2.8857421875
3.239996	2.7783203125
3.249996	2.7392578125
3.260004	2.744140625
3.270004	2.8271484375
3.279996	2.9150390625
3.29	2.94921875
3.299996	2.8759765625
3.309996	2.783203125
3.32	2.744140625
3.329996	2.7490234375
3.339996	2.841796875
3.349996	2.919921875
3.359996	2.939453125
3.369996	2.880859375
3.379996	2.7783203125
3.389996	2.7392578125
3.399996	2.7490234375
3.409996	2.83203125
3.42	2.9248046875
3.429996	2.9345703125
3.440004	2.87109375
3.449996	2.783203125
3.46	2.7392578125
3.469996	2.7587890625
3.480004	2.8369140625
3.489996	2.9248046875
3.499996	2.9345703125
3.509996	2.87109375
3.519996	2.783203125
3.530004	2.7490234375
3.539996	2.763671875
3.549996	2.8369140625
3.560004	2.9296875
3.570004	2.9296875
3.579996	2.8662109375
3.59	2.783203125
3.599996	2.75390625
3.609996	2.7587890625
3.62	2.841796875
3.63	2.9248046875
3.640004	2.9248046875
3.650004	2.8564453125
3.660004	2.7734375
3.669996	2.75390625
3.679996	2.7685546875
3.689996	2.8515625
3.699996	2.919921875
3.709996	2.9248046875
3.719996	2.8564453125
3.729996	2.763671875
3.740004	2.75390625
3.749996	2.7685546875
3.76	2.8564453125
3.769996	2.9296875
3.780004	2.9248046875
3.789996	2.861328125
3.8	2.7685546875
3.809996	2.7587890625
3.820004	2.7734375
3.830004	2.8564453125
3.839996	2.9296875
3.850004	2.91015625
3.860004	2.8466796875
3.870004	2.7734375
3.879996	2.7490234375
3.889996	2.7783203125
3.900004	2.861328125
3.910004	2.91015625
3.919996	2.9052734375
3.93	2.841796875
3.939996	2.7734375
3.949996	2.7490234375
3.96	2.7880859375
3.969996	2.861328125
3.979996	2.919921875
3.989996	2.91015625
3.999996	2.841796875
4.009996	2.7685546875
4.019996	2.75390625
4.029996	2.7880859375
4.039996	2.861328125
4.049996	2.9248046875
4.06	2.9052734375
4.069996	2.8369140625
4.080004	2.7685546875
4.089996	2.744140625
4.1	2.79296875
4.109996	2.8662109375
4.120004	2.9150390625
4.129996	2.8955078125
4.139996	2.8369140625
4.149996	2.7587890625
4.159996	2.75390625
4.170004	2.7978515625
4.179996	2.861328125
4.189996	2.919921875
4.200004	2.8857421875
4.210004	2.8369140625
4.219996	2.763671875
4.23	2.75390625
4.239996	2.802734375
4.249996	2.87109375
4.26	2.9150390625
4.27	2.8857421875
4.280004	2.8369140625
4.290004	2.763671875
4.300004	2.7587890625
4.309996	2.7978515625
4.319996	2.8662109375
4.329996	2.9052734375
4.339996	2.8857421875
4.349996	2.8076171875
4.359996	2.7685546875
4.369996	2.7587890625
4.380004	2.8076171875
4.389996	2.8759765625
4.4	2.9150390625
4.409996	2.880859375
4.420004	2.8271484375
4.429996	2.763671875
4.44	2.763671875
4.449996	2.8076171875
4.460004	2.87109375
4.470004	2.9052734375
4.479996	2.8857421875
4.490004	2.8271484375
4.500004	2.7685546875
4.510004	2.7587890625
4.519996	2.8125
4.529996	2.87109375
4.540004	2.91015625
4.550004	2.880859375
4.559996	2.8125
4.57	2.763671875
4.579996	2.763671875
4.589996	2.8173828125
4.6	2.8759765625
4.609996	2.9052734375
4.619996	2.880859375
4.629996	2.8076171875
4.639996	2.7587890625
4.649996	2.763671875
4.659996	2.8125
4.669996	2.8857421875
4.679996	2.900390625
4.689996	2.87109375
4.7	2.8125
4.709996	2.7685546875
4.720004	2.763671875
4.729996	2.8271484375
4.74	2.8759765625
4.749996	2.8955078125
4.760004	2.87109375
4.769996	2.8076171875
4.779996	2.7685546875
4.789996	2.7783203125
4.799996	2.8271484375
4.810004	2.8759765625
4.819996	2.8955078125
4.829996	2.861328125
4.840004	2.802734375
4.850004	2.7685546875
4.859996	2.7783203125
4.87	2.83203125
4.879996	2.880859375
4.889996	2.8955078125
4.9	2.8564453125
4.91	2.802734375
4.920004	2.763671875
4.930004	2.7783203125
4.940004	2.8369140625
4.949996	2.8857421875
4.959996	2.8955078125
4.969996	2.861328125
4.979996	2.8125
4.989996	2.7685546875
4.999996	2.7783203125
5.009996	2.83203125
5.020004	2.880859375
5.029996	2.890625
5.04	2.8515625
5.049996	2.8076171875
5.060004	2.7734375
5.069996	2.783203125
5.08	2.83203125
5.089996	2.8857421875
5.100004	2.8857421875
5.110004	2.8564453125
5.119996	2.802734375
5.130004	2.7685546875
5.140004	2.7880859375
5.150004	2.83203125
5.159996	2.8857421875
5.169996	2.880859375
5.180004	2.861328125
5.190004	2.79296875
5.199996	2.7685546875
5.21	2.783203125
5.219996	2.8369140625
5.229996	2.880859375
5.24	2.880859375
5.249996	2.8564453125
5.259996	2.79296875
5.269996	2.7734375
5.279996	2.7880859375
5.289996	2.841796875
5.299996	2.880859375
5.309996	2.880859375
5.319996	2.8515625
5.329996	2.79296875
5.34	2.7734375
5.349996	2.7978515625
5.360004	2.8466796875
5.369996	2.8759765625
5.38	2.8857421875
5.389996	2.8466796875
5.400004	2.79296875
5.409996	2.7734375
5.419996	2.79296875
5.429996	2.8466796875
5.439996	2.87109375
5.450004	2.8857421875
5.459996	2.8466796875
5.469996	2.802734375
5.480004	2.7783203125
5.490004	2.7978515625
5.499996	2.8515625
5.51	2.880859375
5.519996	2.87109375
5.529996	2.8466796875
5.54	2.7880859375
5.55	2.7783203125
5.560004	2.8076171875
5.570004	2.8515625
5.580004	2.880859375
5.589996	2.880859375
5.599996	2.841796875
5.609996	2.783203125
5.619996	2.7734375
5.629996	2.802734375
5.639996	2.8515625
5.649996	2.880859375
5.660004	2.87109375
5.669996	2.83203125
5.68	2.79296875
5.689996	2.7734375
5.700004	2.8076171875
5.709996	2.8515625
5.72	2.8857421875
5.729996	2.880859375
5.740004	2.8369140625
5.750004	2.783203125
5.759996	2.7734375
5.770004	2.8125
5.780004	2.8564453125
5.790004	2.8759765625
5.799996	2.8662109375
5.809996	2.8369140625
5.820004	2.783203125
5.830004	2.783203125
5.839996	2.8125
5.85	2.8515625
5.859996	2.8857421875
5.869996	2.87109375
5.88	2.822265625
5.889996	2.783203125
5.899996	2.7880859375
5.909996	2.802734375
5.919996	2.8466796875
5.929996	2.880859375
5.939996	2.87109375
5.949996	2.8369140625
5.959996	2.7880859375
5.969996	2.7880859375
5.98	2.8173828125
5.989996	2.8564453125
6.000004	2.880859375
6.009996	2.87109375
6.02	2.8271484375
6.029996	2.7880859375
6.040004	2.79296875
6.049996	2.8076171875
6.059996	2.861328125
6.069996	2.8759765625
6.079996	2.861328125
6.090004	2.8271484375
6.099996	2.7880859375
6.109996	2.783203125
6.120004	2.822265625
6.130004	2.8662109375
6.139996	2.880859375
6.15	2.861328125
6.159996	2.822265625
6.169996	2.7880859375
6.18	2.7783203125
6.19	2.822265625
6.200004	2.8662109375
6.210004	2.87109375
6.220004	2.8564453125
6.229996	2.822265625
6.239996	2.783203125
6.249996	2.783203125
6.259996	2.8173828125
6.269996	2.8564453125
6.279996	2.880859375
6.289996	2.8515625
6.300004	2.8173828125
6.309996	2.7880859375
6.32	2.783203125
6.329996	2.83203125
6.340004	2.8564453125
6.349996	2.87109375
6.36	2.8564453125
6.369996	2.802734375
6.380004	2.7880859375
6.390004	2.79296875
6.399996	2.83203125
6.410004	2.8515625
6.420004	2.880859375
6.430004	2.8515625
6.439996	2.822265625
6.449996	2.7880859375
6.460004	2.7978515625
6.470004	2.8369140625
6.479996	2.8564453125
6.49	2.87109375
6.499996	2.8515625
6.509996	2.8125
6.52	2.7880859375
6.529996	2.802734375
6.539996	2.8271484375
6.549996	2.861328125
6.559996	2.8759765625
6.569996	2.8515625
6.579996	2.8125
6.589996	2.783203125
6.599996	2.7978515625
6.609996	2.8271484375
6.62	2.8662109375
6.629996	2.87109375
6.640004	2.8515625
6.649996	2.8076171875
6.66	2.783203125
6.669996	2.7978515625
6.680004	2.83203125
6.689996	2.8662109375
6.699996	2.87109375
6.709996	2.8515625
6.719996	2.8076171875
6.730004	2.7880859375
6.739996	2.802734375
6.749996	2.83203125
6.760004	2.861328125
6.770004	2.87109375
6.779996	2.8515625
6.79	2.8125
6.799996	2.7880859375
6.809996	2.8076171875
6.82	2.8369140625
6.83	2.861328125
6.840004	2.861328125
6.850004	2.8466796875
6.860004	2.8076171875
6.869996	2.7880859375
6.879996	2.8076171875
6.889996	2.841796875
6.899996	2.861328125
6.909996	2.8662109375
6.919996	2.8466796875
6.929996	2.802734375
6.940004	2.7880859375
6.949996	2.8076171875
6.96	2.8466796875
6.969996	2.861328125
6.980004	2.8662109375
6.989996	2.8369140625
7.0	2.802734375
7.009996	2.7880859375
7.020004	2.8076171875
7.030004	2.8466796875
7.039996	2.87109375
7.050004	2.8662109375
7.060004	2.83203125
7.070004	2.8125
7.079996	2.7978515625
7.089996	2.8173828125
7.100004	2.8466796875
7.110004	2.87109375
7.119996	2.861328125
7.13	2.83203125
7.139996	2.7978515625
7.149996	2.783203125
7.16	2.822265625
7.169996	2.841796875
7.179996	2.87109375
7.189996	2.8564453125
7.199996	2.8369140625
7.209996	2.802734375
7.219996	2.79296875
7.229996	2.8173828125
7.239996	2.8466796875
7.249996	2.8662109375
7.26	2.861328125
7.269996	2.83203125
7.280004	2.802734375
7.289996	2.79296875
7.3	2.822265625
7.309996	2.8515625
7.320004	2.8662109375
7.329996	2.8515625
7.339996	2.8369140625
7.349996	2.7978515625
7.359996	2.79296875
7.370004	2.8271484375
7.379996	2.841796875
7.389996	2.8662109375
7.400004	2.8564453125
7.410004	2.8369140625
7.419996	2.7978515625
7.43	2.79296875
7.439996	2.8125
7.449996	2.8515625
7.46	2.8662109375
7.47	2.8515625
7.480004	2.83203125
7.490004	2.79296875
7.500004	2.8076171875
7.509996	2.8173828125
7.519996	2.8564453125
7.529996	2.8662109375
7.539996	2.8515625
7.549996	2.83203125
7.559996	2.79296875
7.569996	2.7978515625
7.580004	2.822265625
7.589996	2.8515625
7.6	2.861328125
7.609996	2.8564453125
7.620004	2.822265625
7.629996	2.802734375
7.64	2.7978515625
7.649996	2.83203125
7.660004	2.8515625
7.670004	2.861328125
7.679996	2.8564453125
7.690004	2.822265625
7.700004	2.802734375
7.710004	2.802734375
7.719996	2.83203125
7.729996	2.8515625
7.740004	2.8564453125
7.750004	2.8515625
7.759996	2.822265625
7.77	2.7978515625
7.779996	2.8076171875
7.789996	2.83203125
7.8	2.8564453125
7.809996	2.861328125
7.819996	2.8466796875
7.829996	2.822265625
7.839996	2.79296875
7.849996	2.8076171875
7.859996	2.83203125
7.869996	2.8515625
7.879996	2.8564453125
7.889996	2.8515625
7.9	2.822265625
7.909996	2.802734375
7.920004	2.8076171875
7.929996	2.83203125
7.94	2.8564453125
7.949996	2.861328125
7.960004	2.8466796875
7.969996	2.8271484375
7.979996	2.7978515625
7.989996	2.8076171875
7.999996	2.8271484375
8.010004	2.861328125
8.019996	2.8564453125
8.029996	2.8466796875
8.040004	2.822265625
8.050004	2.7978515625
8.059996	2.8173828125
8.07	2.83203125
8.079996	2.861328125
8.089996	2.861328125
8.1	2.8369140625
8.11	2.8173828125
8.120004	2.7880859375
8.130004	2.8173828125
8.140004	2.83203125
8.149996	2.8515625
8.159996	2.861328125
8.169996	2.8369140625
8.179996	2.8076171875
8.189996	2.79296875
8.199996	2.822265625
8.209996	2.8369140625
8.220004	2.861328125
8.229996	2.8564453125
8.24	2.8369140625
8.249996	2.8173828125
8.260004	2.8076171875
8.269996	2.822265625
8.28	2.841796875
8.289996	2.861328125
8.300004	2.861328125
8.310004	2.83203125
8.319996	2.8173828125
8.330004	2.802734375
8.340004	2.8173828125
8.350004	2.83203125
8.359996	2.8564453125
8.369996	2.8564453125
8.380004	2.8369140625
8.390004	2.8125
8.399996	2.802734375
8.41	2.8173828125
8.419996	2.841796875
8.429996	2.8564453125
8.44	2.8564453125
8.449996	2.83203125
8.459996	2.802734375
8.469996	2.802734375
8.479996	2.8173828125
8.489996	2.8466796875
8.499996	2.8564453125
8.509996	2.861328125
8.519996	2.83203125
8.529996	2.8125
8.54	2.8076171875
8.549996	2.8125
8.560004	2.8466796875
8.569996	2.8564453125
8.58	2.8564453125
8.589996	2.83203125
8.600004	2.8076171875
8.609996	2.802734375
8.619996	2.8271484375
8.629996	2.8466796875
8.639996	2.861328125
8.650004	2.8564453125
8.659996	2.8369140625
8.669996	2.8125
8.680004	2.8076171875
8.690004	2.83203125
8.699996	2.8515625
8.71	2.861328125
8.719996	2.8515625
8.729996	2.83203125
8.74	2.8076171875
8.75	2.8076171875
8.760004	2.8271484375
8.770004	2.8466796875
8.780004	2.861328125
8.789996	2.8466796875
8.799996	2.8271484375
8.809996	2.8076171875
8.819996	2.8076171875
8.829996	2.8369140625
8.839996	2.8515625
8.849996	2.861328125
8.860004	2.841796875
8.869996	2.83203125
8.88	2.8076171875
8.889996	2.8076171875
8.900004	2.83203125
8.909996	2.8466796875
8.92	2.8515625
8.929996	2.841796875
8.940004	2.8271484375
8.950004	2.802734375
8.959996	2.8076171875
8.970004	2.8271484375
8.980004	2.8515625
8.990004	2.8515625
8.999996	2.8515625
9.009996	2.83203125
9.020004	2.802734375
9.030004	2.8125
9.039996	2.83203125
9.05	2.8564453125
9.059996	2.861328125
9.069996	2.8466796875
9.08	2.822265625
9.089996	2.802734375
9.099996	2.8173828125
9.109996	2.822265625
9.119996	2.8466796875
9.129996	2.8564453125
9.139996	2.841796875
9.149996	2.8173828125
9.159996	2.8076171875
9.169996	2.8125
9.18	2.83203125
9.189996	2.8515625
9.200004	2.861328125
9.209996	2.8369140625
9.22	2.8271484375
9.229996	2.7978515625
9.240004	2.8173828125
9.249996	2.8369140625
9.259996	2.8564453125
9.269996	2.8515625
9.279996	2.8466796875
9.290004	2.8173828125
9.299996	2.8076171875
9.309996	2.8173828125
9.320004	2.8369140625
9.330004	2.8466796875
9.339996	2.8466796875
9.35	2.8466796875
9.359996	2.8173828125
9.369996	2.8076171875
9.38	2.8173828125
9.39	2.841796875
9.400004	2.8466796875
9.410004	2.8564453125
9.420004	2.8369140625
9.429996	2.8173828125
9.439996	2.8125
9.449996	2.822265625
9.459996	2.841796875
9.469996	2.8515625
9.479996	2.861328125
9.489996	2.83203125
9.500004	2.8173828125
9.509996	2.8076171875
9.52	2.822265625
9.529996	2.8466796875
9.540004	2.8564453125
9.549996	2.8564453125
9.56	2.8271484375
9.569996	2.8173828125
9.580004	2.8076171875
9.590004	2.8173828125
9.599996	2.841796875
9.610004	2.8564453125
9.620004	2.8515625
9.630004	2.83203125
9.639996	2.822265625
9.649996	2.8076171875
9.660004	2.822265625
9.670004	2.8466796875
9.679996	2.8466796875
9.69	2.8466796875
9.699996	2.83203125
9.709996	2.8125
9.72	2.802734375
9.729996	2.8271484375
9.739996	2.8466796875
9.749996	2.8515625
9.759996	2.8466796875
9.769996	2.83203125
9.779996	2.8173828125
9.789996	2.8125
9.799996	2.822265625
9.809996	2.8466796875
9.82	2.8564453125
9.829996	2.8515625
9.840004	2.83203125
9.849996	2.8125
9.86	2.8173828125
9.869996	2.8271484375
9.880004	2.8515625
9.889996	2.8564453125
9.899996	2.841796875
9.909996	2.83203125
9.919996	2.802734375
9.930004	2.8076171875
9.939996	2.8271484375
9.949996	2.8466796875
9.960004	2.861328125
9.970004	2.8466796875
9.979996	2.8369140625
9.99	2.8125
9.999996	2.8173828125
10.009996	2.83203125
10.02	2.8515625
10.03	2.8515625
10.040004	2.8466796875
10.050004	2.83203125
10.060004	2.8125
10.069996	2.8173828125
10.079996	2.83203125
10.089996	2.8466796875
10.099996	2.8564453125
10.109996	2.8515625
10.119996	2.8271484375
10.129996	2.822265625
10.140004	2.8173828125
10.149996	2.8369140625
10.16	2.8466796875
10.169996	2.8564453125
10.180004	2.841796875
10.189996	2.8271484375
10.2	2.8076171875
10.209996	2.8125
10.220004	2.8369140625
10.230004	2.8466796875
10.239996	2.8564453125
10.250004	2.841796875
10.260004	2.822265625
10.270004	2.8125
10.279996	2.8125
10.289996	2.8369140625
10.300004	2.8466796875
10.310004	2.861328125
10.319996	2.8369140625
10.33	2.8271484375
10.339996	2.8173828125
10.349996	2.822265625
10.36	2.8369140625
10.369996	2.8466796875
10.379996	2.8515625
10.389996	2.83203125
10.399996	2.8271484375
10.409996	2.8125
10.419996	2.8271484375
10.429996	2.8369140625
10.439996	2.8515625
10.449996	2.8564453125
10.46	2.83203125
10.469996	2.8271484375
10.480004	2.8076171875
10.489996	2.8173828125
10.5	2.8369140625
10.509996	2.861328125
10.520004	2.8564453125
10.529996	2.8369140625
10.539996	2.8271484375
10.549996	2.8076171875
10.559996	2.822265625
10.570004	2.83203125
10.579996	2.8466796875
10.589996	2.8466796875
10.600004	2.841796875
10.610004	2.8271484375
10.619996	2.8125
10.63	2.822265625
10.639996	2.8369140625
10.649996	2.8564453125
10.66	2.8466796875
10.67	2.8369140625
10.680004	2.822265625
10.690004	2.822265625
10.700004	2.822265625
10.709996	2.83203125
10.719996	2.8466796875
10.729996	2.8515625
10.739996	2.8369140625
10.749996	2.822265625
10.759996	2.822265625
10.769996	2.8271484375
10.780004	2.83203125
10.789996	2.8466796875
10.8	2.8466796875
10.809996	2.8369140625
10.820004	2.822265625
10.829996	2.8125
10.84	2.822265625
10.849996	2.841796875
10.860004	2.8515625
10.870004	2.8466796875
10.879996	2.83203125
10.890004	2.822265625
10.900004	2.8125
10.910004	2.8173828125
10.919996	2.841796875
10.929996	2.8466796875
10.940004	2.8515625
10.950004	2.83203125
10.959996	2.8173828125
10.97	2.822265625
10.979996	2.8271484375
10.989996	2.841796875
11.0	2.8515625
11.009996	2.8466796875
11.019996	2.83203125
11.029996	2.822265625
11.039996	2.8125
11.049996	2.822265625
11.059996	2.841796875
11.069996	2.8466796875
11.079996	2.841796875
11.089996	2.83203125
11.1	2.8173828125
11.109996	2.822265625
11.120004	2.8271484375
11.129996	2.841796875
11.14	2.8515625
11.149996	2.8515625
11.160004	2.83203125
11.169996	2.8125
11.179996	2.8173828125
11.189996	2.83203125
11.199996	2.841796875
11.210004	2.8515625
11.219996	2.841796875
11.229996	2.83203125
11.240004	2.822265625
11.250004	2.8173828125
11.259996	2.841796875
11.27	2.8466796875
11.279996	2.8515625
11.289996	2.8369140625
11.3	2.83203125
11.31	2.822265625
11.320004	2.8271484375
11.330004	2.83203125
11.340004	2.8466796875
11.349996	2.841796875
11.359996	2.841796875
11.369996	2.8271484375
11.379996	2.8125
11.389996	2.822265625
11.399996	2.822265625
11.409996	2.8515625
11.420004	2.8515625
11.429996	2.841796875
11.44	2.83203125
11.449996	2.8173828125
11.460004	2.822265625
11.469996	2.8271484375
11.48	2.8515625
11.489996	2.8466796875
11.500004	2.8369140625
11.510004	2.83203125
11.519996	2.8125
11.530004	2.822265625
11.540004	2.83203125
11.550004	2.8515625
11.559996	2.8515625
11.569996	2.8369140625
11.580004	2.83203125
11.590004	2.8271484375
11.599996	2.822265625
11.61	2.83203125
11.619996	2.8515625
11.629996	2.8466796875
11.64	2.841796875
11.649996	2.822265625
11.659996	2.8173828125
11.669996	2.8173828125
11.679996	2.83203125
11.689996	2.8515625
11.699996	2.841796875
11.709996	2.8369140625
11.719996	2.8271484375
11.729996	2.822265625
11.74	2.8173828125
11.749996	2.8369140625
11.760004	2.8515625
11.769996	2.8515625
11.78	2.841796875
11.789996	2.822265625
11.800004	2.8173828125
11.809996	2.8271484375
11.819996	2.8369140625
11.829996	2.8466796875
11.839996	2.841796875
11.850004	2.8369140625
11.859996	2.8271484375
11.869996	2.8125
11.880004	2.822265625
11.890004	2.8369140625
11.899996	2.841796875
11.91	2.8466796875
11.919996	2.8369140625
11.929996	2.8271484375
11.94	2.8271484375
11.95	2.822265625
11.960004	2.83203125
11.970004	2.841796875
11.980004	2.8515625
11.989996	2.83203125
11.999996	2.822265625
12.009996	2.8173828125
12.019996	2.8271484375
12.029996	2.8369140625
12.039996	2.841796875
12.049996	2.8515625
12.060004	2.8271484375
12.069996	2.8173828125
12.08	2.822265625
12.089996	2.83203125
12.100004	2.83203125
12.109996	2.8466796875
12.12	2.8466796875
12.129996	2.8369140625
12.140004	2.822265625
12.150004	2.8125
12.159996	2.822265625
12.170004	2.8369140625
12.180004	2.8466796875
12.190004	2.8466796875
12.199996	2.83203125
12.209996	2.8271484375
12.220004	2.8173828125
12.230004	2.8271484375
12.239996	2.8369140625
12.25	2.8466796875
12.259996	2.841796875
12.269996	2.83203125
12.28	2.822265625
12.289996	2.822265625
12.299996	2.822265625
12.309996	2.8369140625
12.319996	2.8466796875
12.329996	2.841796875
12.339996	2.83203125
12.349996	2.8173828125
12.359996	2.822265625
12.369996	2.822265625
12.38	2.841796875
12.389996	2.8466796875
12.400004	2.8466796875
12.409996	2.83203125
12.42	2.8125
12.429996	2.8173828125
12.440004	2.822265625
12.449996	2.8369140625
12.459996	2.8466796875
12.469996	2.841796875
12.479996	2.8369140625
12.490004	2.8173828125
12.499996	2.8173828125
12.509996	2.83203125
12.520004	2.8466796875
12.530004	2.841796875
12.539996	2.841796875
12.55	2.8271484375
12.559996	2.8271484375
12.569996	2.8173828125
12.58	2.8369140625
12.59	2.841796875
12.600004	2.8515625
12.610004	2.841796875
12.620004	2.83203125
12.629996	2.8271484375
12.639996	2.822265625
12.649996	2.83203125
12.659996	2.8466796875
12.669996	2.841796875
12.679996	2.8369140625
12.689996	2.822265625
12.700004	2.8173828125
12.709996	2.8173828125
12.72	2.8271484375
12.729996	2.8369140625
12.740004	2.8515625
12.749996	2.8369140625
12.76	2.8271484375
12.769996	2.8271484375
12.780004	2.822265625
12.790004	2.8271484375
12.799996	2.83203125
12.810004	2.8515625
12.820004	2.8369140625
12.830004	2.8271484375
12.839996	2.822265625
12.849996	2.8173828125
12.860004	2.83203125
12.870004	2.8369140625
12.879996	2.8515625
12.89	2.8369140625
12.899996	2.8271484375
12.909996	2.8173828125
12.92	2.822265625
12.929996	2.8369140625
12.939996	2.8466796875
12.949996	2.841796875
12.959996	2.8369140625
12.969996	2.822265625
12.979996	2.822265625
12.989996	2.83203125
12.999996	2.8271484375
13.009996	2.841796875
13.02	2.8515625
13.029996	2.8369140625
13.040004	2.8271484375
13.049996	2.8173828125
13.06	2.822265625
13.069996	2.83203125
13.080004	2.8515625
13.089996	2.841796875
13.099996	2.8369140625
13.109996	2.822265625
13.119996	2.8271484375
13.130004	2.822265625
13.139996	2.8369140625
13.149996	2.841796875
13.160004	2.841796875
13.170004	2.8369140625
13.179996	2.8271484375
13.19	2.822265625
13.199996	2.8271484375
13.209996	2.8369140625
13.22	2.8515625
13.23	2.841796875
13.240004	2.8369140625
13.250004	2.822265625
13.260004	2.822265625
13.269996	2.822265625
13.279996	2.8271484375
13.289996	2.841796875
13.299996	2.841796875
13.309996	2.83203125
13.319996	2.8271484375
13.329996	2.822265625
13.340004	2.8271484375
13.349996	2.8369140625
13.36	2.8369140625
13.369996	2.8466796875
13.380004	2.8369140625
13.389996	2.822265625
13.4	2.822265625
13.409996	2.8271484375
13.420004	2.8369140625
13.430004	2.841796875
13.439996	2.841796875
13.450004	2.83203125
13.460004	2.8271484375
13.470004	2.8271484375
13.479996	2.8271484375
13.489996	2.841796875
13.500004	2.8466796875
13.510004	2.8466796875
13.519996	2.8271484375
13.53	2.8271484375
13.539996	2.822265625
13.549996	2.8271484375
13.56	2.83203125
13.569996	2.8466796875
13.579996	2.8466796875
13.589996	2.8271484375
13.599996	2.8271484375
13.609996	2.822265625
13.619996	2.8271484375
13.629996	2.83203125
13.639996	2.8466796875
13.649996	2.8466796875
13.66	2.8271484375
13.669996	2.822265625
13.680004	2.822265625
13.689996	2.8271484375
13.7	2.8369140625
13.709996	2.8466796875
13.720004	2.8369140625
13.729996	2.8271484375
13.739996	2.83203125
13.749996	2.822265625
13.759996	2.8369140625
13.770004	2.83203125
13.779996	2.841796875
13.789996	2.8369140625
13.800004	2.83203125
13.810004	2.8271484375
13.819996	2.822265625
13.83	2.8271484375
13.839996	2.841796875
13.849996	2.8369140625
13.86	2.8369140625
13.87	2.83203125
13.880004	2.822265625
13.890004	2.822265625
13.900004	2.8271484375
13.909996	2.8369140625
13.919996	2.8466796875
13.929996	2.8466796875
13.939996	2.8271484375
13.949996	2.822265625
13.959996	2.8271484375
13.969996	2.8369140625
13.980004	2.83203125
13.989996	2.8466796875
14.0	2.841796875
14.009996	2.8369140625
14.020004	2.8271484375
14.029996	2.822265625
14.04	2.8271484375
14.049996	2.8369140625
14.060004	2.8369140625
14.070004	2.8369140625
14.079996	2.83203125
14.090004	2.822265625
14.100004	2.8271484375
14.110004	2.8271484375
14.119996	2.8369140625
14.129996	2.841796875
14.140004	2.8466796875
14.150004	2.8271484375
14.159996	2.8271484375
14.17	2.822265625
14.179996	2.8369140625
14.189996	2.841796875
14.2	2.8466796875
14.209996	2.8466796875
14.219996	2.8271484375
14.229996	2.822265625
14.239996	2.822265625
14.249996	2.8271484375
14.259996	2.8369140625
14.269996	2.841796875
14.279996	2.83203125
14.289996	2.83203125
14.3	2.8271484375
14.309996	2.8271484375
14.320004	2.8369140625
14.329996	2.8369140625
14.34	2.8515625
14.349996	2.8369140625
14.360004	2.83203125
14.369996	2.8271484375
14.379996	2.8271484375
14.389996	2.8369140625
14.399996	2.8369140625
14.410004	2.8466796875
14.419996	2.8369140625
14.429996	2.822265625
14.440004	2.822265625
14.450004	2.83203125
14.459996	2.83203125
14.47	2.841796875
14.479996	2.841796875
14.489996	2.83203125
14.5	2.83203125
14.51	2.822265625
14.520004	2.83203125
14.530004	2.8271484375
14.540004	2.8466796875
14.549996	2.8466796875
14.559996	2.83203125
14.569996	2.8271484375
14.579996	2.822265625
14.589996	2.8271484375
14.599996	2.83203125
14.609996	2.8466796875
14.620004	2.841796875
14.629996	2.8369140625
14.64	2.83203125
14.649996	2.8173828125
14.660004	2.8271484375
14.669996	2.83203125
14.68	2.8466796875
14.689996	2.841796875
14.700004	2.83203125
14.710004	2.8271484375
14.719996	2.8271484375
14.730004	2.8271484375
14.740004	2.8369140625
14.750004	2.8466796875
14.759996	2.8369140625
14.769996	2.8369140625
14.780004	2.83203125
14.790004	2.8271484375
14.799996	2.8271484375
14.81	2.8369140625
14.819996	2.841796875
14.829996	2.841796875
14.84	2.8369140625
14.849996	2.822265625
14.859996	2.8271484375
14.869996	2.8173828125
14.879996	2.83203125
14.889996	2.841796875
14.899996	2.8369140625
14.909996	2.83203125
14.919996	2.822265625
14.929996	2.8271484375
14.94	2.8271484375
14.949996	2.8369140625
14.960004	2.8466796875
14.969996	2.8369140625
14.98	2.83203125
14.989996	2.83203125
15.000004	2.822265625
15.009996	2.8271484375
15.019996	2.8369140625
15.029996	2.841796875
15.039996	2.8369140625
15.050004	2.83203125
15.059996	2.8271484375
15.069996	2.822265625
15.080004	2.8369140625
15.090004	2.83203125
15.099996	2.841796875
15.11	2.8466796875
15.119996	2.8369140625
15.129996	2.8369140625
15.14	2.8271484375
15.15	2.8369140625
15.160004	2.83203125
15.170004	2.8466796875
15.180004	2.8466796875
15.189996	2.8271484375
15.199996	2.822265625
15.209996	2.8271484375
15.219996	2.83203125
15.229996	2.8369140625
15.239996	2.8515625
15.249996	2.83203125
15.260004	2.8369140625
15.269996	2.8271484375
15.28	2.822265625
15.289996	2.83203125
15.300004	2.8369140625
15.309996	2.8466796875
15.32	2.8369140625
15.329996	2.8369140625
15.340004	2.822265625
15.350004	2.8271484375
15.359996	2.8369140625
15.370004	2.8369140625
15.380004	2.8466796875
15.390004	2.841796875
15.399996	2.83203125
15.409996	2.822265625
15.420004	2.8271484375
15.430004	2.83203125
15.439996	2.83203125
15.45	2.8369140625
15.459996	2.8369140625
15.469996	2.83203125
15.48	2.8271484375
15.489996	2.822265625
15.499996	2.83203125
15.509996	2.8369140625
15.519996	2.841796875
15.529996	2.841796875
15.539996	2.83203125
15.549996	2.8173828125
15.559996	2.8271484375
15.569996	2.8271484375
15.58	2.8466796875
15.589996	2.8369140625
15.600004	2.83203125
15.609996	2.83203125
15.62	2.8271484375
15.629996	2.8369140625
15.640004	2.83203125
15.649996	2.8369140625
15.659996	2.8369140625
15.669996	2.8369140625
15.679996	2.8271484375
15.690004	2.8271484375
15.699996	2.822265625
15.709996	2.8271484375
15.720004	2.83203125
15.730004	2.8369140625
15.739996	2.8369140625
15.75	2.83203125
15.759996	2.822265625
15.769996	2.8173828125
15.78	2.8271484375
15.79	2.8271484375
15.800004	2.8369140625
15.810004	2.8369140625
15.820004	2.8271484375
15.829996	2.8271484375
15.839996	2.8271484375
15.849996	2.8369140625
15.859996	2.841796875
15.869996	2.841796875
15.879996	2.822265625
15.889996	2.8271484375
15.900004	2.822265625
15.909996	2.8271484375
15.92	2.8369140625
15.929996	2.8466796875
15.940004	2.841796875
15.949996	2.8369140625
15.96	2.8271484375
15.969996	2.822265625
15.980004	2.822265625
15.990004	2.83203125
15.999996	2.8369140625
16.010004	2.841796875
16.020004	2.8369140625
16.030004	2.8271484375
16.039996	2.822265625
16.049996	2.83203125
16.060004	2.822265625
16.070004	2.8369140625
16.079996	2.841796875
16.09	2.8369140625
16.099996	2.83203125
16.109996	2.8271484375
16.12	2.822265625
16.129996	2.83203125
16.139996	2.8369140625
16.149996	2.8369140625
16.159996	2.83203125
16.169996	2.8271484375
16.179996	2.8271484375
16.189996	2.83203125
16.199996	2.8369140625
16.209996	2.8369140625
16.22	2.8369140625
16.229996	2.83203125
16.240004	2.8271484375
16.249996	2.83203125
16.26	2.8271484375
16.269996	2.8369140625
16.280004	2.83203125
16.289996	2.8369140625
16.299996	2.841796875
16.309996	2.8271484375
16.319996	2.8271484375
16.330004	2.8271484375
16.339996	2.8369140625
16.349996	2.841796875
16.360004	2.8271484375
16.370004	2.83203125
16.379996	2.83203125
16.39	2.8271484375
16.399996	2.8271484375
16.409996	2.8369140625
16.42	2.83203125
16.43	2.83203125
16.440004	2.8369140625
16.450004	2.822265625
16.460004	2.8271484375
16.469996	2.822265625
16.479996	2.8369140625
16.489996	2.8466796875
16.499996	2.841796875
16.509996	2.83203125
16.519996	2.8369140625
16.529996	2.8271484375
16.540004	2.83203125
16.549996	2.83203125
16.56	2.83203125
16.569996	2.8369140625
16.580004	2.8271484375
16.589996	2.822265625
16.6	2.8173828125
16.609996	2.83203125
16.620004	2.8369140625
16.630004	2.8369140625
16.639996	2.83203125
16.650004	2.8369140625
16.660004	2.8271484375
16.670004	2.8271484375
16.679996	2.83203125
16.689996	2.8369140625
16.700004	2.841796875
16.710004	2.8369140625
16.719996	2.83203125
16.73	2.83203125
16.739996	2.8271484375
16.749996	2.8369140625
16.76	2.8271484375
16.769996	2.841796875
16.779996	2.8369140625
16.789996	2.83203125
16.799996	2.822265625
16.809996	2.822265625
16.819996	2.83203125
16.829996	2.8369140625
16.839996	2.841796875
16.849996	2.83203125
16.86	2.83203125
16.869996	2.822265625
16.880004	2.822265625
16.889996	2.8369140625
16.9	2.83203125
16.909996	2.83203125
16.920004	2.8369140625
16.929996	2.8369140625
16.939996	2.8271484375
16.949996	2.822265625
16.959996	2.8271484375
16.970004	2.841796875
16.979996	2.841796875
16.989996	2.8369140625
17.000004	2.8369140625
17.010004	2.8271484375
17.019996	2.822265625
17.03	2.8271484375
17.039996	2.83203125
17.049996	2.841796875
17.06	2.8369140625
17.07	2.83203125
17.080004	2.83203125
17.090004	2.822265625
17.100004	2.8271484375
17.109996	2.83203125
17.119996	2.8369140625
17.129996	2.841796875
17.139996	2.8271484375
17.149996	2.8369140625
17.159996	2.8271484375
17.169996	2.83203125
17.180004	2.8369140625
17.189996	2.8369140625
17.2	2.841796875
17.209996	2.8271484375
17.220004	2.822265625
17.229996	2.83203125
17.24	2.8369140625
17.249996	2.841796875
17.260004	2.8369140625
17.270004	2.841796875
17.279996	2.83203125
17.290004	2.83203125
17.300004	2.822265625
17.310004	2.83203125
17.319996	2.8369140625
17.329996	2.841796875
17.340004	2.8369140625
17.350004	2.822265625
17.359996	2.8271484375
17.37	2.822265625
17.379996	2.83203125
17.389996	2.8369140625
17.4	2.841796875
17.409996	2.8369140625
17.419996	2.8369140625
17.429996	2.8271484375
17.439996	2.83203125
17.449996	2.8271484375
17.459996	2.83203125
17.469996	2.8369140625
17.479996	2.8369140625
17.489996	2.83203125
17.5	2.8271484375
17.509996	2.83203125
17.520004	2.83203125
17.529996	2.8271484375
17.54	2.8466796875
17.549996	2.83203125
17.560004	2.83203125
17.569996	2.822265625
17.579996	2.8271484375
17.589996	2.8271484375
17.599996	2.841796875
17.610004	2.841796875
17.619996	2.83203125
17.629996	2.83203125
17.640004	2.8173828125
17.650004	2.8369140625
17.659996	2.83203125
17.67	2.8369140625
17.679996	2.8369140625
17.689996	2.83203125
17.7	2.8369140625
17.71	2.8271484375
17.720004	2.83203125
17.730004	2.8271484375
17.740004	2.8369140625
17.749996	2.83203125
17.759996	2.841796875
17.769996	2.83203125
17.779996	2.8271484375
17.789996	2.8369140625
17.799996	2.8369140625
17.809996	2.841796875
17.820004	2.83203125
17.829996	2.83203125
17.84	2.83203125
17.849996	2.8271484375
17.860004	2.8271484375
17.869996	2.83203125
17.88	2.841796875
17.889996	2.841796875
17.900004	2.8369140625
17.910004	2.8271484375
17.919996	2.8369140625
17.930004	2.8271484375
17.940004	2.8369140625
17.950004	2.8369140625
17.959996	2.8369140625
17.969996	2.83203125
17.980004	2.8271484375
17.990004	2.8271484375
17.999996	2.8271484375
18.01	2.8369140625
18.019996	2.83203125
18.029996	2.83203125
18.04	2.83203125
18.049996	2.8271484375
18.059996	2.8271484375
18.069996	2.8271484375
18.079996	2.8271484375
18.089996	2.83203125
18.099996	2.841796875
18.109996	2.8271484375
18.119996	2.8369140625
18.129996	2.8173828125
18.14	2.83203125
18.149996	2.841796875
18.160004	2.841796875
18.169996	2.8369140625
18.18	2.8369140625
18.189996	2.8271484375
18.200004	2.83203125
18.209996	2.83203125
18.219996	2.83203125
18.229996	2.83203125
18.239996	2.8369140625
18.250004	2.83203125
18.259996	2.83203125
18.269996	2.8271484375
18.280004	2.83203125
18.290004	2.83203125
18.299996	2.841796875
18.31	2.83203125
18.319996	2.8369140625
18.329996	2.83203125
18.34	2.822265625
18.35	2.8271484375
18.360004	2.8369140625
18.370004	2.8369140625
18.380004	2.83203125
18.389996	2.8369140625
18.399996	2.83203125
18.409996	2.822265625
18.419996	2.83203125
18.429996	2.83203125
18.439996	2.8466796875
18.449996	2.8369140625
18.460004	2.83203125
18.469996	2.822265625
18.48	2.822265625
18.489996	2.83203125
18.500004	2.83203125
18.509996	2.8369140625
18.52	2.83203125
18.529996	2.83203125
18.540004	2.8271484375
18.550004	2.8271484375
18.559996	2.8271484375
18.570004	2.8369140625
18.580004	2.8369140625
18.590004	2.8369140625
18.599996	2.8369140625
18.609996	2.822265625
18.620004	2.8271484375
18.630004	2.8271484375
18.639996	2.8369140625
18.65	2.8369140625
18.659996	2.8369140625
18.669996	2.83203125
18.68	2.8271484375
18.689996	2.8271484375
18.699996	2.83203125
18.709996	2.8369140625
18.719996	2.841796875
18.729996	2.8369140625
18.739996	2.8271484375
18.749996	2.8271484375
18.759996	2.8271484375
18.769996	2.8369140625
18.78	2.841796875
18.789996	2.8369140625
18.800004	2.83203125
18.809996	2.83203125
18.82	2.8271484375
18.829996	2.822265625
18.840004	2.83203125
18.849996	2.83203125
18.859996	2.8369140625
18.869996	2.8369140625
18.879996	2.8271484375
18.890004	2.83203125
18.899996	2.8369140625
18.909996	2.8369140625
18.920004	2.8369140625
18.930004	2.8369140625
18.939996	2.8369140625
18.95	2.8271484375
18.959996	2.8369140625
18.969996	2.83203125
18.98	2.8369140625
18.99	2.83203125
19.000004	2.841796875
19.010004	2.83203125
19.020004	2.8369140625
19.029996	2.8271484375
19.039996	2.8369140625
19.049996	2.83203125
19.059996	2.83203125
19.069996	2.8369140625
19.079996	2.83203125
19.089996	2.83203125
19.100004	2.8271484375
19.109996	2.83203125
19.12	2.8271484375
19.129996	2.841796875
19.140004	2.841796875
19.149996	2.83203125
19.16	2.83203125
19.169996	2.8271484375
19.180004	2.83203125
19.190004	2.83203125
19.199996	2.841796875
19.210004	2.8271484375
19.220004	2.841796875
19.230004	2.83203125
19.239996	2.83203125
19.249996	2.83203125
19.260004	2.83203125
19.270004	2.8466796875
19.279996	2.83203125
19.29	2.841796875
19.299996	2.8369140625
19.309996	2.83203125
19.32	2.83203125
19.329996	2.83203125
19.339996	2.8369140625
19.349996	2.841796875
19.359996	2.8369140625
19.369996	2.83203125
19.379996	2.83203125
19.389996	2.8271484375
19.399996	2.8369140625
19.409996	2.83203125
19.42	2.841796875
19.429996	2.8271484375
19.440004	2.83203125
19.449996	2.83203125
19.46	2.83203125
19.469996	2.83203125
19.480004	2.83203125
19.489996	2.8369140625
19.499996	2.8271484375
19.509996	2.83203125
19.519996	2.8271484375
19.530004	2.83203125
19.539996	2.841796875
19.549996	2.8369140625
19.560004	2.841796875
19.570004	2.83203125
19.579996	2.83203125
19.59	2.8369140625
19.599996	2.83203125
19.609996	2.83203125
19.62	2.83203125
19.63	2.841796875
19.640004	2.8271484375
19.650004	2.841796875
19.660004	2.8271484375
19.669996	2.8369140625
19.679996	2.841796875
19.689996	2.8369140625
19.699996	2.841796875
19.709996	2.83203125
19.719996	2.841796875
19.729996	2.8271484375
19.740004	2.8369140625
19.749996	2.83203125
19.76	2.841796875
19.769996	2.8369140625
19.780004	2.8369140625
19.789996	2.83203125
19.8	2.83203125
19.809996	2.8369140625
19.820004	2.8271484375
19.830004	2.8369140625
19.839996	2.8369140625
19.850004	2.83203125
19.860004	2.8369140625
19.870004	2.8271484375
19.879996	2.8369140625
19.889996	2.8271484375
19.900004	2.841796875
19.910004	2.83203125
19.919996	2.8369140625
19.93	2.83203125
19.939996	2.8271484375
19.949996	2.83203125
19.96	2.8369140625
19.969996	2.841796875
19.979996	2.8369140625
19.989996	2.8271484375
19.999996	2.8271484375
20.009996	2.83203125
20.019996	2.8369140625
20.029996	2.841796875
20.039996	2.841796875
20.049996	2.8369140625
20.06	2.83203125
20.069996	2.8271484375
20.080004	2.8369140625
20.089996	2.8271484375
20.1	2.8369140625
20.109996	2.841796875
20.120004	2.8369140625
20.129996	2.8369140625
20.139996	2.83203125
20.149996	2.8369140625
20.159996	2.83203125
20.170004	2.841796875
20.179996	2.841796875
20.189996	2.83203125
20.200004	2.83203125
20.210004	2.83203125
20.219996	2.8271484375
20.23	2.8271484375
20.239996	2.83203125
20.249996	2.83203125
20.26	2.83203125
20.27	2.83203125
20.280004	2.8271484375
20.290004	2.83203125
20.300004	2.841796875
20.309996	2.8369140625
20.319996	2.841796875
20.329996	2.83203125
20.339996	2.83203125
20.349996	2.8369140625
20.359996	2.83203125
20.369996	2.8369140625
20.380004	2.8369140625
20.389996	2.8369140625
20.4	2.841796875
20.409996	2.83203125
20.420004	2.83203125
20.429996	2.83203125
20.44	2.83203125
20.449996	2.8369140625
20.460004	2.83203125
20.470004	2.8369140625
20.479996	2.8369140625
20.490004	2.83203125
20.500004	2.8369140625
20.510004	2.8369140625
20.519996	2.83203125
20.529996	2.8369140625
20.540004	2.83203125
20.550004	2.83203125
20.559996	2.83203125
20.57	2.8369140625
20.579996	2.83203125
20.589996	2.841796875
20.6	2.841796875
20.609996	2.841796875
20.619996	2.83203125
20.629996	2.8271484375
20.639996	2.83203125
20.649996	2.83203125
20.659996	2.8369140625
20.669996	2.8369140625
20.679996	2.83203125
20.689996	2.83203125
20.7	2.83203125
20.709996	2.8369140625
20.720004	2.83203125
20.729996	2.8369140625
20.74	2.83203125
20.749996	2.841796875
20.760004	2.8271484375
20.769996	2.83203125
20.779996	2.8369140625
20.789996	2.8369140625
20.799996	2.83203125
20.810004	2.8369140625
20.819996	2.83203125
20.829996	2.8369140625
20.840004	2.8369140625
20.850004	2.8369140625
20.859996	2.822265625
20.87	2.8369140625
20.879996	2.83203125
20.889996	2.8369140625
20.9	2.8369140625
20.91	2.83203125
20.920004	2.8271484375
20.930004	2.8369140625
20.940004	2.83203125
20.949996	2.83203125
20.959996	2.8369140625
20.969996	2.83203125
20.979996	2.8271484375
20.989996	2.83203125
