Channel Accuracy: 10 Bits
Measurement Range 0...5V --> Resolution: 5V/2^10 = 4.9mV
Measured Single Channel at a Frequency of 100 Hz
Time (s)	Voltage (V)
0	2.0361328125
0.009996	2.03125
0.02	2.03125
0.030004	2.0361328125
0.039996	2.03125
0.05	2.0263671875
0.06	2.03125
0.07	2.0263671875
0.08	2.0361328125
0.09	2.0361328125
0.1	2.0361328125
0.11	2.0361328125
0.120004	2.03125
0.13	2.03125
0.14	2.0361328125
0.15	2.0361328125
0.16	2.0361328125
0.17	2.0361328125
0.18	2.03125
0.19	2.0361328125
0.2	2.03125
0.21	2.0263671875
0.22	2.0361328125
0.229996	2.0361328125
0.24	2.041015625
0.250004	2.03125
0.26	2.0361328125
0.269996	2.0361328125
0.280004	2.03125
0.290004	2.0361328125
0.3	2.03125
0.309996	2.0361328125
0.320008	2.03125
0.33	2.03125
0.339996	2.0361328125
0.35	2.0263671875
0.36	2.03125
0.37	2.03125
0.38	2.0263671875
0.39	2.0361328125
0.4	2.03125
0.41	2.0263671875
0.420004	2.0263671875
0.43	2.0263671875
0.44	2.0263671875
0.45	2.03125
0.460004	2.021484375
0.47	2.03125
0.48	2.03125
0.49	2.03125
0.500004	2.03125
0.51	2.03125
0.52	2.03125
0.53	2.03125
0.54	2.0361328125
0.55	2.03125
0.56	2.0361328125
0.569996	2.03125
0.58	2.03125
0.590004	2.0263671875
0.6	2.03125
0.609996	2.03125
0.620004	2.0263671875
0.63	2.03125
0.639996	2.0263671875
0.65	2.03125
0.66	2.0263671875
0.670004	2.0458984375
0.679996	2.1142578125
0.69	2.294921875
0.7	2.548828125
0.71	2.8515625
0.72	3.1201171875
0.73	3.3349609375
0.74	3.4375
0.75	3.4033203125
0.760004	3.2470703125
0.77	3.0078125
0.78	2.744140625
0.79	2.4560546875
0.8	2.255859375
0.81	2.138671875
0.82	2.1533203125
0.83	2.2802734375
0.84	2.5048828125
0.85	2.7783203125
0.86	3.037109375
0.869996	3.2568359375
0.88	3.37890625
0.890004	3.388671875
0.9	3.2666015625
0.909996	3.06640625
0.920004	2.822265625
0.930004	2.5537109375
0.94	2.3291015625
0.949996	2.1875
0.960008	2.1630859375
0.97	2.2607421875
0.979996	2.451171875
0.99	2.7197265625
1.0	2.94921875
1.01	3.1689453125
1.02	3.330078125
1.03	3.369140625
1.04	3.2763671875
1.05	3.10546875
1.060004	2.880859375
1.07	2.63671875
1.08	2.412109375
1.09	2.24609375
1.100004	2.1923828125
1.11	2.255859375
1.12	2.4169921875
1.13	2.646484375
1.140004	2.8759765625
1.15	3.095703125
1.16	3.271484375
1.17	3.3447265625
1.18	3.291015625
1.19	3.1494140625
1.2	2.939453125
1.209996	2.724609375
1.22	2.470703125
1.230004	2.314453125
1.24	2.2265625
1.249996	2.255859375
1.260004	2.3779296875
1.27	2.5830078125
1.279996	2.822265625
1.29	3.0224609375
1.3	3.2080078125
1.310004	3.30078125
1.319996	3.291015625
1.33	3.173828125
1.34	3.0029296875
1.35	2.7734375
1.36	2.548828125
1.37	2.373046875
1.38	2.265625
1.39	2.265625
1.400004	2.3583984375
1.41	2.5341796875
1.42	2.7490234375
1.43	2.958984375
1.44	3.1396484375
1.45	3.2470703125
1.46	3.2763671875
1.47	3.193359375
1.48	3.0419921875
1.49	2.8369140625
1.5	2.626953125
1.509996	2.4267578125
1.52	2.314453125
1.530004	2.28515625
1.54	2.34375
1.549996	2.4853515625
1.560004	2.7001953125
1.570004	2.8857421875
1.58	3.0712890625
1.589996	3.2080078125
1.600008	3.2470703125
1.61	3.2080078125
1.619996	3.076171875
1.63	2.880859375
1.64	2.705078125
1.65	2.4951171875
1.66	2.3583984375
1.67	2.2998046875
1.68	2.3388671875
1.69	2.4560546875
1.700004	2.6416015625
1.71	2.841796875
1.72	3.0126953125
1.73	3.1640625
1.740004	3.22265625
1.75	3.203125
1.76	3.1005859375
1.77	2.919921875
1.780004	2.75390625
1.79	2.55859375
1.8	2.4169921875
1.81	2.32421875
1.82	2.3388671875
1.83	2.4267578125
1.84	2.6025390625
1.849996	2.7783203125
1.86	2.9638671875
1.870004	3.115234375
1.88	3.1982421875
1.889996	3.2080078125
1.900004	3.1201171875
1.91	2.978515625
1.919996	2.8076171875
1.93	2.6220703125
1.94	2.451171875
1.950004	2.353515625
1.959996	2.3388671875
1.97	2.4169921875
1.98	2.548828125
1.99	2.7294921875
2.0	2.900390625
2.01	3.046875
2.02	3.1689453125
2.03	3.1884765625
2.040004	3.1396484375
2.05	3.017578125
2.06	2.861328125
2.07	2.6806640625
2.08	2.509765625
2.09	2.40234375
2.1	2.353515625
2.11	2.412109375
2.12	2.5146484375
2.13	2.685546875
2.14	2.8515625
2.149996	3.0078125
2.16	3.125
2.170004	3.1787109375
2.18	3.14453125
2.189996	3.046875
2.200004	2.890625
2.210004	2.734375
2.22	2.5634765625
2.229996	2.4462890625
2.240008	2.3876953125
2.25	2.40234375
2.259996	2.490234375
2.27	2.63671875
2.28	2.7978515625
2.29	2.9541015625
2.3	3.0810546875
2.31	3.154296875
2.32	3.154296875
2.33	3.0712890625
2.340004	2.9296875
2.35	2.783203125
2.36	2.6220703125
2.37	2.4853515625
2.380004	2.412109375
2.39	2.40234375
2.4	2.4658203125
2.41	2.607421875
2.420004	2.7587890625
2.43	2.9052734375
2.44	3.0419921875
2.45	3.1201171875
2.46	3.1396484375
2.47	3.0810546875
2.48	2.96875
2.489996	2.822265625
2.5	2.6708984375
2.510004	2.529296875
2.52	2.431640625
2.529996	2.4072265625
2.540004	2.4609375
2.55	2.568359375
2.559996	2.724609375
2.57	2.861328125
2.58	2.998046875
2.590004	3.0908203125
2.599996	3.125
2.61	3.0908203125
2.62	2.9931640625
2.63	2.861328125
2.64	2.7197265625
2.65	2.578125
2.66	2.4609375
2.67	2.4169921875
2.680004	2.44140625
2.69	2.5341796875
2.7	2.6806640625
2.71	2.8173828125
2.72	2.9541015625
2.73	3.0615234375
2.74	3.1103515625
2.75	3.0908203125
2.76	3.02734375
2.77	2.8955078125
2.78	2.763671875
2.789996	2.6220703125
2.8	2.4951171875
2.810004	2.4365234375
2.82	2.4462890625
2.829996	2.51953125
2.840004	2.6318359375
2.850004	2.783203125
2.86	2.91015625
2.869996	3.02734375
2.880008	3.0859375
2.89	3.0859375
2.899996	3.0419921875
2.91	2.919921875
2.92	2.802734375
2.93	2.666015625
2.94	2.5439453125
2.95	2.4609375
2.96	2.4560546875
2.97	2.5
2.980004	2.607421875
2.99	2.734375
3.0	2.87109375
3.01	2.98828125
3.020004	3.0615234375
3.03	3.0859375
3.04	3.0517578125
3.05	2.958984375
3.060004	2.841796875
3.07	2.71484375
3.08	2.5732421875
3.09	2.4853515625
3.1	2.4658203125
3.11	2.490234375
3.12	2.5830078125
3.129996	2.7099609375
3.14	2.8369140625
3.150004	2.9443359375
3.16	3.037109375
3.169996	3.0810546875
3.180004	3.056640625
3.19	2.9833984375
3.199996	2.87109375
3.21	2.744140625
3.22	2.626953125
3.230004	2.5244140625
3.239996	2.48046875
3.25	2.4853515625
3.26	2.55859375
3.27	2.67578125
3.28	2.7978515625
3.29	2.9052734375
3.3	3.0078125
3.31	3.06640625
3.320004	3.06640625
3.33	3.0078125
3.34	2.890625
3.35	2.783203125
3.36	2.65625
3.37	2.55859375
3.38	2.490234375
3.39	2.48046875
3.4	2.5439453125
3.41	2.63671875
3.42	2.763671875
3.429996	2.8759765625
3.44	2.978515625
3.450004	3.0419921875
3.46	3.056640625
3.469996	3.017578125
3.480004	2.919921875
3.490004	2.822265625
3.5	2.7099609375
3.509996	2.5830078125
3.520008	2.51953125
3.53	2.4951171875
3.539996	2.5244140625
3.55	2.6171875
3.56	2.7294921875
3.57	2.841796875
3.58	2.939453125
3.59	3.02734375
3.6	3.0517578125
3.61	3.0224609375
3.620004	2.9443359375
3.63	2.83203125
3.64	2.734375
3.65	2.6220703125
3.660004	2.5439453125
3.67	2.5
3.68	2.529296875
3.69	2.59765625
3.700004	2.705078125
3.71	2.8173828125
3.72	2.9052734375
3.73	3.0029296875
3.74	3.037109375
3.75	3.02734375
3.76	2.96875
3.769996	2.8759765625
3.78	2.7685546875
3.790004	2.65625
3.8	2.568359375
3.809996	2.51953125
3.820004	2.5244140625
3.83	2.568359375
3.839996	2.666015625
3.85	2.783203125
3.86	2.8857421875
3.870004	2.9638671875
3.879996	3.017578125
3.89	3.0224609375
3.9	2.978515625
3.91	2.890625
3.92	2.79296875
3.93	2.7001953125
3.94	2.6025390625
3.95	2.529296875
3.960004	2.529296875
3.97	2.5634765625
3.98	2.6416015625
3.99	2.734375
4.0	2.8515625
4.01	2.9296875
4.02	3.0078125
4.03	3.0224609375
4.04	2.9931640625
4.05	2.91015625
4.06	2.822265625
4.069996	2.7197265625
4.08	2.626953125
4.090004	2.5537109375
4.1	2.51953125
4.109996	2.5634765625
4.120004	2.626953125
4.130004	2.724609375
4.14	2.822265625
4.149996	2.900390625
4.160008	2.9833984375
4.17	3.0078125
4.179996	2.998046875
4.19	2.9296875
4.2	2.8466796875
4.21	2.744140625
4.22	2.6611328125
4.23	2.5732421875
4.24	2.5341796875
4.25	2.5439453125
4.260004	2.607421875
4.27	2.6953125
4.28	2.79296875
4.29	2.8759765625
4.300004	2.9541015625
4.31	3.0078125
4.32	3.0029296875
4.33	2.9541015625
4.340004	2.87109375
4.35	2.7734375
4.36	2.685546875
4.37	2.607421875
4.38	2.5537109375
4.39	2.5439453125
4.4	2.5927734375
4.409996	2.67578125
4.42	2.763671875
4.430004	2.8515625
4.44	2.9345703125
4.449996	2.998046875
4.460004	2.9931640625
4.47	2.9638671875
4.479996	2.890625
4.49	2.7978515625
4.5	2.7197265625
4.510004	2.6220703125
4.519996	2.568359375
4.53	2.55859375
4.54	2.5927734375
4.55	2.646484375
4.56	2.734375
4.57	2.83203125
4.58	2.91015625
4.59	2.978515625
4.600004	2.998046875
4.61	2.96875
4.62	2.9052734375
4.63	2.8369140625
4.64	2.7392578125
4.65	2.6513671875
4.66	2.59765625
4.67	2.55859375
4.68	2.578125
4.69	2.63671875
4.7	2.724609375
4.709996	2.8076171875
4.72	2.8857421875
4.730004	2.94921875
4.74	2.98828125
4.749996	2.9736328125
4.760004	2.919921875
4.770004	2.861328125
4.78	2.7587890625
4.789996	2.685546875
4.800008	2.607421875
4.81	2.568359375
4.819996	2.5732421875
4.83	2.626953125
4.84	2.7001953125
4.85	2.783203125
4.86	2.861328125
4.87	2.9248046875
4.88	2.978515625
4.89	2.978515625
4.900004	2.9296875
4.91	2.87109375
4.92	2.7978515625
4.93	2.7099609375
4.940004	2.626953125
4.95	2.5927734375
4.96	2.5732421875
4.97	2.6171875
4.980004	2.6806640625
4.99	2.75390625
5.0	2.8466796875
5.01	2.900390625
5.02	2.9541015625
5.03	2.9638671875
5.04	2.9443359375
5.049996	2.8857421875
5.06	2.8173828125
5.070004	2.7294921875
5.08	2.65625
5.089996	2.59765625
5.100004	2.5830078125
5.11	2.59765625
5.119996	2.6513671875
5.13	2.7392578125
5.14	2.822265625
5.150004	2.8857421875
5.159996	2.9296875
5.17	2.9638671875
5.18	2.94921875
5.19	2.8955078125
5.2	2.8369140625
5.21	2.7490234375
5.22	2.685546875
5.23	2.6220703125
5.240004	2.5830078125
5.25	2.6025390625
5.26	2.6416015625
5.27	2.7197265625
5.28	2.79296875
5.29	2.87109375
5.3	2.9248046875
5.31	2.958984375
5.32	2.958984375
5.33	2.91015625
5.34	2.8515625
5.349996	2.783203125
5.36	2.705078125
5.370004	2.6318359375
5.38	2.6025390625
5.389996	2.5927734375
5.400004	2.626953125
5.410004	2.7001953125
5.42	2.7734375
5.429996	2.8369140625
5.440008	2.91015625
5.45	2.9345703125
5.459996	2.9541015625
5.47	2.9248046875
5.48	2.8662109375
5.49	2.7978515625
5.5	2.724609375
5.51	2.646484375
5.52	2.6025390625
5.53	2.59765625
5.540004	2.6123046875
5.55	2.67578125
5.56	2.7490234375
5.57	2.822265625
5.580004	2.880859375
5.59	2.9345703125
5.6	2.94921875
5.61	2.9296875
5.620004	2.8857421875
5.63	2.8076171875
5.64	2.7392578125
5.65	2.67578125
5.66	2.626953125
5.67	2.6025390625
5.68	2.6220703125
5.689996	2.6611328125
5.7	2.734375
5.710004	2.8076171875
5.72	2.87109375
5.729996	2.919921875
5.740004	2.9443359375
5.75	2.9248046875
5.759996	2.890625
5.77	2.8369140625
5.78	2.7685546875
5.790004	2.685546875
5.799996	2.63671875
5.81	2.6123046875
5.82	2.6123046875
5.83	2.6513671875
5.84	2.71484375
5.85	2.79296875
5.86	2.8564453125
5.87	2.9052734375
5.880004	2.9296875
5.89	2.9345703125
5.9	2.900390625
5.91	2.8515625
5.92	2.7880859375
5.93	2.7099609375
5.94	2.6513671875
5.95	2.6171875
5.96	2.6171875
5.97	2.6416015625
5.98	2.7001953125
5.989996	2.7685546875
6.0	2.8369140625
6.010004	2.880859375
6.02	2.9248046875
6.029996	2.9345703125
6.040004	2.900390625
6.050004	2.87109375
6.06	2.7978515625
6.069996	2.7294921875
6.080008	2.67578125
6.09	2.6318359375
6.099996	2.6220703125
6.11	2.6318359375
6.12	2.6904296875
6.13	2.744140625
6.14	2.822265625
6.15	2.8662109375
6.16	2.9150390625
6.17	2.9296875
6.180004	2.91015625
6.19	2.8759765625
6.2	2.822265625
6.21	2.75390625
6.220004	2.6904296875
6.23	2.6416015625
6.24	2.6220703125
6.25	2.63671875
6.260004	2.6708984375
6.27	2.7392578125
6.28	2.802734375
6.29	2.861328125
6.3	2.900390625
6.31	2.9248046875
6.32	2.919921875
6.329996	2.8857421875
6.34	2.8369140625
6.350004	2.7685546875
6.36	2.71484375
6.369996	2.65625
6.380004	2.626953125
6.39	2.6318359375
6.399996	2.65625
6.41	2.7197265625
6.42	2.7783203125
6.430004	2.8466796875
6.439996	2.880859375
6.45	2.919921875
6.46	2.9248046875
6.47	2.890625
6.48	2.8466796875
6.49	2.783203125
6.5	2.7294921875
6.51	2.6708984375
6.520004	2.63671875
6.53	2.6318359375
6.54	2.6513671875
6.55	2.7099609375
6.56	2.763671875
6.57	2.8271484375
6.58	2.8759765625
6.59	2.91015625
6.6	2.91015625
6.61	2.8955078125
6.62	2.861328125
6.629996	2.802734375
6.64	2.7392578125
6.650004	2.685546875
6.66	2.6513671875
6.669996	2.6318359375
6.680004	2.6513671875
6.690004	2.685546875
6.7	2.744140625
6.709996	2.8125
6.720008	2.8662109375
6.73	2.8955078125
6.739996	2.91015625
6.75	2.8955078125
6.76	2.8662109375
6.77	2.8173828125
6.78	2.75390625
6.79	2.7099609375
6.8	2.6513671875
6.81	2.6318359375
6.820004	2.646484375
6.83	2.6806640625
6.84	2.734375
6.85	2.79296875
6.860004	2.841796875
6.87	2.880859375
6.88	2.91015625
6.89	2.9052734375
6.900004	2.880859375
6.91	2.83203125
6.92	2.7734375
6.93	2.724609375
6.94	2.666015625
6.95	2.6416015625
6.96	2.626953125
6.969996	2.67578125
6.98	2.7197265625
6.990004	2.7783203125
7.0	2.8369140625
7.009996	2.880859375
7.020004	2.900390625
7.03	2.9052734375
7.039996	2.880859375
7.05	2.8466796875
7.06	2.79296875
7.070004	2.7294921875
7.079996	2.6806640625
7.09	2.646484375
7.1	2.6416015625
7.11	2.65625
7.12	2.71484375
7.13	2.7587890625
7.14	2.822265625
7.15	2.87109375
7.160004	2.900390625
7.17	2.9052734375
7.18	2.890625
7.19	2.8564453125
7.2	2.8125
7.21	2.744140625
7.22	2.7001953125
7.23	2.6611328125
7.24	2.6416015625
7.25	2.6513671875
7.26	2.6953125
7.269996	2.744140625
7.28	2.7978515625
7.290004	2.861328125
7.3	2.880859375
7.309996	2.900390625
7.320004	2.8857421875
7.330004	2.8759765625
7.34	2.8173828125
7.349996	2.7587890625
7.360008	2.71484375
7.37	2.666015625
7.379996	2.6513671875
7.39	2.6513671875
7.4	2.6904296875
7.41	2.724609375
7.42	2.79296875
7.43	2.8466796875
7.44	2.87109375
7.45	2.890625
7.460004	2.8955078125
7.47	2.8759765625
7.48	2.8369140625
7.49	2.783203125
7.500004	2.724609375
7.51	2.685546875
7.52	2.6513671875
7.53	2.6513671875
7.540004	2.6806640625
7.55	2.7294921875
7.56	2.7734375
7.57	2.822265625
7.58	2.87109375
7.59	2.8955078125
7.6	2.890625
7.609996	2.8759765625
7.62	2.8466796875
7.630004	2.79296875
7.64	2.734375
7.649996	2.6953125
7.660004	2.6611328125
7.67	2.6513671875
7.679996	2.6708984375
7.69	2.7197265625
7.7	2.75390625
7.710004	2.822265625
7.719996	2.8662109375
7.73	2.8759765625
7.74	2.8955078125
7.75	2.8759765625
7.76	2.8515625
7.77	2.7978515625
7.78	2.7490234375
7.79	2.705078125
7.800004	2.67578125
7.81	2.65625
7.82	2.6611328125
7.83	2.7099609375
7.84	2.7392578125
7.85	2.7978515625
7.86	2.8466796875
7.87	2.880859375
7.88	2.890625
7.89	2.880859375
7.9	2.861328125
7.909996	2.8173828125
7.92	2.7685546875
7.930004	2.724609375
7.94	2.6806640625
7.949996	2.666015625
7.960004	2.6708984375
7.970004	2.6904296875
7.98	2.734375
7.989996	2.7880859375
8.000008	2.8369140625
8.01	2.8759765625
8.019996	2.8857421875
8.03	2.8857421875
8.04	2.861328125
8.05	2.83203125
8.06	2.783203125
8.07	2.734375
8.08	2.6953125
8.09	2.6611328125
8.100004	2.65625
8.11	2.67578125
8.12	2.724609375
8.13	2.7685546875
8.140004	2.8271484375
8.15	2.861328125
8.16	2.8857421875
8.17	2.8857421875
8.180004	2.8662109375
8.19	2.8466796875
8.2	2.79296875
8.21	2.744140625
8.22	2.705078125
8.23	2.6708984375
8.24	2.6611328125
8.249996	2.685546875
8.26	2.7197265625
8.270004	2.7587890625
8.28	2.8125
8.289996	2.8466796875
8.300004	2.8759765625
8.31	2.8857421875
8.319996	2.880859375
8.33	2.841796875
8.34	2.8076171875
8.350004	2.75390625
8.359996	2.7197265625
8.37	2.67578125
8.38	2.6611328125
8.39	2.67578125
8.4	2.705078125
8.41	2.744140625
8.42	2.7978515625
8.43	2.841796875
8.440004	2.87109375
8.45	2.880859375
8.46	2.880859375
8.47	2.8564453125
8.48	2.822265625
8.49	2.7734375
8.5	2.7294921875
8.51	2.6904296875
8.52	2.666015625
8.53	2.67578125
8.54	2.7001953125
8.549996	2.734375
8.56	2.7880859375
8.570004	2.83203125
8.58	2.861328125
8.589996	2.8759765625
8.600004	2.880859375
8.610004	2.8662109375
8.62	2.8369140625
8.629996	2.783203125
8.640008	2.7392578125
8.65	2.7001953125
8.659996	2.6806640625
8.67	2.67578125
8.68	2.6904296875
8.69	2.7294921875
8.7	2.7685546875
8.71	2.822265625
8.72	2.8515625
8.73	2.8759765625
8.740004	2.87109375
8.75	2.8759765625
8.76	2.8466796875
8.77	2.7978515625
8.780004	2.7490234375
8.79	2.7099609375
8.8	2.6806640625
8.81	2.67578125
8.820004	2.6904296875
8.83	2.71484375
8.84	2.7587890625
8.85	2.802734375
8.86	2.8466796875
8.87	2.87109375
8.88	2.8857421875
8.889996	2.8662109375
8.9	2.8466796875
8.910004	2.8076171875
8.92	2.7587890625
8.929996	2.724609375
8.940004	2.6904296875
8.95	2.6806640625
8.959996	2.6806640625
8.97	2.7197265625
8.98	2.7392578125
8.990004	2.7978515625
8.999996	2.83203125
9.01	2.87109375
9.02	2.880859375
9.03	2.87109375
9.04	2.8564453125
9.05	2.8076171875
9.06	2.7734375
9.07	2.7294921875
9.080004	2.6953125
9.09	2.67578125
9.1	2.6806640625
9.11	2.705078125
9.12	2.734375
9.13	2.7783203125
9.14	2.822265625
9.15	2.861328125
9.16	2.880859375
9.17	2.87109375
9.18	2.861328125
9.189996	2.822265625
9.2	2.7880859375
9.210004	2.734375
9.22	2.7099609375
9.229996	2.6806640625
9.240004	2.6806640625
9.250004	2.7099609375
9.26	2.7294921875
9.269996	2.7685546875
9.280008	2.8076171875
9.29	2.841796875
9.299996	2.87109375
9.31	2.8759765625
9.32	2.8662109375
9.33	2.8369140625
9.34	2.802734375
9.35	2.7490234375
9.36	2.7197265625
9.37	2.6904296875
9.380004	2.67578125
9.39	2.6904296875
9.4	2.7294921875
9.41	2.75390625
9.420004	2.7978515625
9.43	2.841796875
9.44	2.8662109375
9.45	2.87109375
9.460004	2.87109375
9.47	2.8466796875
9.48	2.8076171875
9.49	2.763671875
9.5	2.724609375
9.51	2.705078125
9.52	2.685546875
9.529996	2.685546875
9.54	2.724609375
9.550004	2.744140625
9.56	2.7978515625
9.569996	2.83203125
9.580004	2.861328125
9.59	2.87109375
9.599996	2.8759765625
9.61	2.8369140625
9.62	2.822265625
9.630004	2.7734375
9.639996	2.734375
9.65	2.7099609375
9.66	2.685546875
9.67	2.7001953125
9.68	2.71484375
9.69	2.7392578125
9.7	2.7783203125
9.71	2.8173828125
9.720004	2.8515625
9.73	2.8759765625
9.74	2.87109375
9.75	2.8515625
9.76	2.822265625
9.77	2.7880859375
9.78	2.7490234375
9.79	2.71484375
9.8	2.6953125
9.81	2.6904296875
9.82	2.705078125
9.829996	2.734375
9.84	2.763671875
9.850004	2.8125
9.86	2.841796875
9.869996	2.87109375
9.880004	2.8759765625
9.890004	2.8564453125
9.9	2.8369140625
9.909996	2.7978515625
9.920008	2.7490234375
9.93	2.724609375
9.939996	2.705078125
9.95	2.6904296875
9.96	2.7099609375
9.97	2.7294921875
9.98	2.7587890625
9.99	2.8076171875
10.0	2.8369140625
10.01	2.8564453125
10.020004	2.87109375
10.03	2.861328125
10.04	2.841796875
10.05	2.7978515625
10.060004	2.7685546875
10.07	2.734375
10.08	2.71484375
10.09	2.6953125
10.100004	2.705078125
10.11	2.7197265625
10.12	2.744140625
10.13	2.783203125
10.14	2.8271484375
10.15	2.8515625
10.16	2.8662109375
10.169996	2.861328125
10.18	2.841796875
10.190004	2.8125
10.2	2.7734375
10.209996	2.7392578125
10.220004	2.71484375
10.23	2.705078125
10.239996	2.6953125
10.25	2.71484375
10.26	2.744140625
10.270004	2.7783203125
10.279996	2.8125
10.29	2.8466796875
10.3	2.861328125
10.31	2.8662109375
10.32	2.841796875
10.33	2.8173828125
10.34	2.783203125
10.35	2.744140625
10.360004	2.71484375
10.37	2.705078125
10.38	2.6953125
10.39	2.7197265625
10.4	2.7294921875
10.41	2.7685546875
10.42	2.8125
10.43	2.8369140625
10.44	2.861328125
10.45	2.861328125
10.46	2.861328125
10.469996	2.8271484375
10.48	2.79296875
10.490004	2.7587890625
10.5	2.7294921875
10.509996	2.7099609375
10.520004	2.7001953125
10.530004	2.71484375
10.54	2.7294921875
10.549996	2.7685546875
10.560008	2.7978515625
10.57	2.822265625
10.579996	2.8515625
10.59	2.861328125
10.6	2.8564453125
10.61	2.8369140625
10.62	2.7978515625
10.63	2.763671875
10.64	2.734375
10.65	2.7099609375
10.660004	2.705078125
10.67	2.71484375
10.68	2.724609375
10.69	2.7490234375
10.700004	2.79296875
10.71	2.8271484375
10.72	2.8466796875
10.73	2.8662109375
10.740004	2.8564453125
10.75	2.8466796875
10.76	2.8173828125
10.77	2.7734375
10.78	2.744140625
10.79	2.71484375
10.8	2.71484375
10.809996	2.7001953125
10.82	2.724609375
10.830004	2.734375
10.84	2.783203125
10.849996	2.8125
10.860004	2.8466796875
10.87	2.8564453125
10.879996	2.8515625
10.89	2.8515625
10.9	2.822265625
10.910004	2.783203125
10.919996	2.7490234375
10.93	2.7294921875
10.94	2.71484375
10.95	2.7099609375
10.96	2.7197265625
10.97	2.734375
10.98	2.7685546875
10.99	2.8076171875
11.000004	2.8369140625
11.01	2.8515625
11.02	2.861328125
11.03	2.8515625
11.04	2.83203125
11.05	2.79296875
11.06	2.75390625
11.07	2.734375
11.08	2.7197265625
11.09	2.7099609375
11.1	2.71484375
11.109996	2.734375
11.12	2.763671875
11.130004	2.79296875
11.14	2.822265625
11.149996	2.8515625
11.160004	2.8564453125
11.170004	2.8466796875
11.18	2.8369140625
11.189996	2.7978515625
11.200008	2.7685546875
11.21	2.7392578125
11.219996	2.7197265625
11.23	2.7099609375
11.24	2.705078125
11.25	2.734375
11.26	2.75390625
11.27	2.7978515625
11.28	2.8173828125
11.29	2.8466796875
11.300004	2.8515625
11.31	2.8515625
11.32	2.8271484375
11.33	2.802734375
11.340004	2.7783203125
11.35	2.7392578125
11.36	2.7197265625
11.37	2.71484375
11.380004	2.7099609375
11.39	2.724609375
11.4	2.7392578125
11.41	2.783203125
11.42	2.8076171875
11.43	2.8369140625
11.44	2.8564453125
11.449996	2.8466796875
11.46	2.841796875
11.470004	2.8173828125
11.48	2.7880859375
11.489996	2.75390625
11.500004	2.734375
11.51	2.705078125
11.519996	2.71484375
11.53	2.724609375
11.54	2.734375
11.550004	2.7685546875
11.559996	2.802734375
11.57	2.83203125
11.58	2.8466796875
11.59	2.8515625
11.6	2.841796875
11.61	2.8173828125
11.62	2.79296875
11.63	2.75390625
11.640004	2.734375
11.65	2.7197265625
11.66	2.7099609375
11.67	2.724609375
11.68	2.734375
11.69	2.763671875
11.7	2.7978515625
11.71	2.8271484375
11.72	2.8466796875
11.73	2.8515625
11.74	2.8515625
11.749996	2.8271484375
11.76	2.802734375
11.770004	2.763671875
11.78	2.7392578125
11.789996	2.724609375
11.800004	2.71484375
11.810004	2.7197265625
11.82	2.734375
11.829996	2.75390625
11.840008	2.79296875
11.85	2.822265625
11.859996	2.8369140625
11.87	2.8466796875
11.88	2.8515625
11.89	2.8369140625
11.9	2.8125
11.91	2.7783203125
11.92	2.7490234375
11.93	2.7294921875
11.940004	2.71484375
11.95	2.7197265625
11.96	2.7294921875
11.97	2.744140625
11.980004	2.7783203125
11.99	2.8076171875
12.0	2.83203125
12.01	2.8466796875
12.020004	2.841796875
12.03	2.841796875
12.04	2.8076171875
12.05	2.783203125
12.06	2.7490234375
12.07	2.724609375
12.08	2.71484375
12.089996	2.71484375
12.1	2.7294921875
12.110004	2.734375
12.12	2.7783203125
12.129996	2.8076171875
12.140004	2.83203125
12.15	2.8466796875
12.159996	2.841796875
12.17	2.8515625
12.18	2.8173828125
12.190004	2.7978515625
12.199996	2.763671875
12.21	2.7294921875
12.22	2.71484375
12.23	2.7099609375
12.24	2.724609375
12.25	2.7392578125
12.26	2.763671875
12.27	2.7880859375
12.280004	2.822265625
12.29	2.841796875
12.3	2.8515625
12.31	2.841796875
12.32	2.822265625
12.33	2.79296875
12.34	2.7685546875
12.35	2.7392578125
12.36	2.724609375
12.37	2.7197265625
12.38	2.724609375
12.389996	2.734375
12.4	2.7587890625
12.410004	2.79296875
12.42	2.8125
12.429996	2.8369140625
12.440004	2.8466796875
12.450004	2.841796875
12.46	2.8369140625
12.469996	2.802734375
12.480008	2.7685546875
12.49	2.7490234375
12.499996	2.724609375
12.51	2.7197265625
12.52	2.7197265625
12.53	2.7294921875
12.54	2.75390625
12.55	2.783203125
12.56	2.8076171875
12.57	2.8271484375
12.580004	2.8466796875
12.59	2.841796875
12.6	2.841796875
12.61	2.8125
12.620004	2.7880859375
12.63	2.7490234375
12.64	2.734375
12.65	2.724609375
12.660004	2.7197265625
12.67	2.7294921875
12.68	2.744140625
12.69	2.7734375
12.7	2.802734375
12.71	2.83203125
12.72	2.841796875
12.729996	2.8466796875
12.74	2.8466796875
12.750004	2.822265625
12.76	2.7880859375
12.769996	2.7587890625
12.780004	2.7392578125
12.79	2.724609375
12.799996	2.724609375
12.81	2.724609375
12.82	2.744140625
12.830004	2.7685546875
12.839996	2.7978515625
12.85	2.822265625
12.86	2.8369140625
12.87	2.8466796875
12.88	2.841796875
12.89	2.8271484375
12.9	2.7978515625
12.91	2.7685546875
12.920004	2.744140625
12.93	2.7294921875
12.94	2.724609375
12.95	2.724609375
12.96	2.7392578125
12.97	2.7587890625
12.98	2.79296875
12.99	2.8125
13.0	2.841796875
13.01	2.8515625
13.02	2.841796875
13.029996	2.8271484375
13.04	2.8076171875
13.050004	2.7685546875
13.06	2.7490234375
13.069996	2.734375
13.080004	2.71484375
13.090004	2.7294921875
13.1	2.734375
13.109996	2.75390625
13.120008	2.7880859375
13.13	2.8125
13.139996	2.8369140625
13.15	2.8466796875
13.16	2.8466796875
13.17	2.8271484375
13.18	2.8173828125
13.19	2.79296875
13.2	2.75390625
13.21	2.7392578125
13.220004	2.724609375
13.23	2.724609375
13.24	2.734375
13.25	2.744140625
13.260004	2.7783203125
13.27	2.7978515625
13.28	2.822265625
13.29	2.8466796875
13.300004	2.8515625
13.31	2.83203125
13.32	2.822265625
13.33	2.783203125
13.34	2.7587890625
13.35	2.7392578125
13.36	2.7294921875
13.369996	2.724609375
13.38	2.7294921875
13.390004	2.7392578125
13.4	2.7685546875
13.409996	2.802734375
13.420004	2.8271484375
13.43	2.8369140625
13.439996	2.8466796875
13.45	2.841796875
13.46	2.8173828125
13.470004	2.7978515625
13.479996	2.7734375
13.49	2.7490234375
13.5	2.724609375
13.51	2.7197265625
13.52	2.7294921875
13.53	2.7392578125
13.54	2.763671875
13.55	2.7880859375
13.560004	2.8076171875
13.57	2.83203125
13.58	2.83203125
13.59	2.8466796875
13.6	2.8173828125
13.61	2.8076171875
13.62	2.7783203125
13.63	2.7490234375
13.64	2.724609375
13.65	2.724609375
13.66	2.724609375
13.669996	2.734375
13.68	2.7490234375
13.690004	2.783203125
13.7	2.8125
13.709996	2.8271484375
13.720004	2.841796875
13.730004	2.8466796875
13.74	2.822265625
13.749996	2.8125
13.760008	2.783203125
13.77	2.75390625
13.779996	2.7392578125
13.79	2.7294921875
13.8	2.724609375
13.81	2.7294921875
13.82	2.7490234375
13.83	2.7783203125
13.84	2.79296875
13.85	2.8173828125
13.860004	2.8369140625
13.87	2.83203125
13.88	2.83203125
13.89	2.8076171875
13.900004	2.79296875
13.91	2.763671875
13.92	2.7392578125
13.93	2.7294921875
13.940004	2.724609375
13.95	2.734375
13.96	2.744140625
13.97	2.7734375
13.98	2.7978515625
13.99	2.8125
14.0	2.83203125
14.009996	2.83203125
14.02	2.8369140625
14.030004	2.8125
14.04	2.802734375
14.049996	2.7685546875
14.060004	2.7392578125
14.07	2.734375
14.079996	2.734375
14.09	2.724609375
14.1	2.734375
14.110004	2.763671875
14.119996	2.79296875
14.13	2.8125
14.14	2.83203125
14.15	2.841796875
14.16	2.8271484375
14.17	2.822265625
14.18	2.79296875
14.19	2.7734375
14.200004	2.7490234375
14.21	2.734375
14.22	2.7294921875
14.23	2.724609375
14.24	2.7392578125
14.25	2.7490234375
14.26	2.783203125
14.27	2.8125
14.28	2.8271484375
14.29	2.83203125
14.3	2.83203125
14.309996	2.822265625
14.32	2.8076171875
14.330004	2.7783203125
14.34	2.7587890625
14.349996	2.734375
14.360004	2.734375
14.370004	2.7294921875
14.38	2.7392578125
14.389996	2.75390625
14.400008	2.7783203125
14.41	2.7880859375
14.419996	2.8271484375
14.43	2.8369140625
14.44	2.8369140625
14.45	2.8271484375
14.46	2.802734375
14.47	2.7978515625
14.48	2.7587890625
14.49	2.7392578125
14.500004	2.7294921875
14.51	2.7294921875
14.52	2.734375
14.53	2.7490234375
14.540004	2.7685546875
14.55	2.79296875
14.56	2.822265625
14.57	2.8271484375
14.580004	2.8369140625
14.59	2.83203125
14.6	2.8125
14.61	2.79296875
14.62	2.7685546875
14.63	2.744140625
14.64	2.7294921875
14.649996	2.734375
14.66	2.7294921875
14.670004	2.7392578125
14.68	2.7587890625
14.689996	2.79296875
14.700004	2.802734375
14.71	2.822265625
14.719996	2.8369140625
14.73	2.83203125
14.74	2.822265625
14.750004	2.79296875
14.759996	2.7783203125
14.77	2.7490234375
14.78	2.7392578125
14.79	2.724609375
14.8	2.7392578125
14.81	2.744140625
14.82	2.763671875
14.83	2.783203125
14.840004	2.802734375
14.85	2.8271484375
14.86	2.83203125
14.87	2.8369140625
14.88	2.8173828125
14.89	2.8076171875
14.9	2.7880859375
14.91	2.7587890625
14.92	2.7392578125
14.93	2.7294921875
14.94	2.734375
14.949996	2.734375
14.96	2.744140625
14.970004	2.783203125
14.98	2.7978515625
14.989996	2.822265625
15.000004	2.8369140625
15.010004	2.83203125
15.02	2.8173828125
15.029996	2.8125
15.040008	2.7880859375
15.05	2.7587890625
15.059996	2.734375
15.07	2.7392578125
15.08	2.734375
15.09	2.734375
15.1	2.75390625
15.11	2.7734375
15.12	2.79296875
15.13	2.8125
15.140004	2.822265625
15.15	2.8369140625
15.16	2.822265625
15.17	2.8125
15.180004	2.7880859375
15.19	2.7685546875
15.2	2.744140625
15.21	2.734375
15.220004	2.734375
15.23	2.7392578125
15.24	2.744140625
15.25	2.7685546875
15.26	2.7978515625
15.27	2.8076171875
15.28	2.8271484375
15.289996	2.83203125
15.3	2.83203125
15.310004	2.8173828125
15.32	2.802734375
15.329996	2.7734375
15.340004	2.75390625
15.35	2.7392578125
15.359996	2.7294921875
15.37	2.7392578125
15.38	2.744140625
15.390004	2.7685546875
15.399996	2.783203125
15.41	2.802734375
15.42	2.822265625
15.43	2.8369140625
15.44	2.8271484375
15.45	2.8173828125
15.46	2.7978515625
15.47	2.7783203125
15.480004	2.763671875
15.49	2.7392578125
15.5	2.734375
15.51	2.7392578125
15.52	2.744140625
15.53	2.75390625
15.54	2.783203125
15.55	2.802734375
15.56	2.8173828125
15.57	2.83203125
15.58	2.83203125
15.589996	2.822265625
15.6	2.8076171875
15.610004	2.783203125
15.62	2.7685546875
15.629996	2.744140625
15.640004	2.7294921875
15.650004	2.7294921875
15.66	2.7392578125
15.669996	2.7490234375
15.680008	2.7783203125
15.69	2.7978515625
15.699996	2.8173828125
15.71	2.8271484375
15.72	2.8271484375
15.73	2.8271484375
15.74	2.8125
15.75	2.79296875
15.76	2.7734375
15.77	2.75390625
15.780004	2.734375
15.79	2.734375
15.8	2.744140625
15.81	2.744140625
15.820004	2.7685546875
15.83	2.7880859375
15.84	2.8125
15.85	2.8173828125
15.860004	2.8369140625
15.87	2.8271484375
15.88	2.8125
15.89	2.79296875
15.9	2.7734375
15.91	2.75390625
15.92	2.7294921875
15.929996	2.734375
15.94	2.7294921875
15.950004	2.7490234375
15.96	2.75390625
15.969996	2.783203125
15.980004	2.8125
15.99	2.8173828125
15.999996	2.822265625
16.01	2.822265625
16.02	2.822265625
16.030004	2.802734375
16.039996	2.7783203125
16.05	2.75390625
16.06	2.7392578125
16.07	2.734375
16.08	2.734375
16.09	2.744140625
16.1	2.7587890625
16.11	2.783203125
16.120004	2.79296875
16.13	2.8173828125
16.14	2.8173828125
16.15	2.83203125
16.16	2.822265625
16.17	2.8076171875
16.18	2.7783203125
16.19	2.763671875
16.2	2.7490234375
16.21	2.7392578125
16.22	2.734375
16.229996	2.7392578125
16.24	2.7587890625
16.250004	2.7685546875
16.26	2.802734375
16.269996	2.8076171875
16.280004	2.822265625
16.290004	2.822265625
16.3	2.822265625
16.309996	2.8076171875
16.320008	2.79296875
16.33	2.763671875
16.339996	2.7490234375
16.35	2.7392578125
16.36	2.734375
16.37	2.734375
16.38	2.7392578125
16.39	2.763671875
16.4	2.7978515625
16.41	2.8125
16.420004	2.8125
16.43	2.822265625
16.44	2.822265625
16.45	2.8125
16.460004	2.79296875
16.47	2.7734375
16.48	2.75390625
16.49	2.7392578125
16.500004	2.7294921875
16.51	2.7392578125
16.52	2.744140625
16.53	2.75390625
16.54	2.7880859375
16.55	2.7978515625
16.56	2.8173828125
16.569996	2.8173828125
16.58	2.822265625
16.590004	2.8125
16.6	2.802734375
16.609996	2.7783203125
16.620004	2.75390625
16.63	2.7392578125
16.639996	2.734375
16.65	2.7392578125
16.66	2.7392578125
16.670004	2.763671875
16.679996	2.7783203125
16.69	2.7978515625
16.7	2.8173828125
16.71	2.8173828125
16.72	2.8271484375
16.73	2.8173828125
16.74	2.802734375
16.75	2.7783203125
16.760004	2.7587890625
16.77	2.744140625
16.78	2.734375
16.79	2.7392578125
16.8	2.744140625
16.81	2.7587890625
16.82	2.7734375
16.83	2.802734375
16.84	2.8076171875
16.85	2.8271484375
16.86	2.822265625
16.869996	2.822265625
16.88	2.802734375
16.890004	2.7880859375
16.9	2.7685546875
16.909996	2.7392578125
16.920004	2.7392578125
16.930004	2.734375
16.94	2.7392578125
16.949996	2.75390625
16.960008	2.7734375
16.97	2.7978515625
16.979996	2.8076171875
16.99	2.8271484375
17.0	2.822265625
17.01	2.8173828125
17.02	2.8125
17.03	2.7978515625
17.04	2.7685546875
17.05	2.75390625
17.060004	2.744140625
17.07	2.7392578125
17.08	2.744140625
17.09	2.7490234375
17.100004	2.7734375
17.11	2.7783203125
17.12	2.8076171875
17.13	2.8173828125
17.140004	2.822265625
17.15	2.822265625
17.16	2.8125
17.17	2.8076171875
17.18	2.7783203125
17.19	2.7587890625
17.2	2.744140625
17.209996	2.734375
17.22	2.7392578125
17.230004	2.7490234375
17.24	2.7685546875
17.249996	2.7783203125
17.260004	2.802734375
17.27	2.8125
17.279996	2.822265625
17.29	2.822265625
17.3	2.8125
17.310004	2.802734375
17.319996	2.7783203125
17.33	2.7685546875
17.34	2.7490234375
17.35	2.744140625
17.36	2.7392578125
17.37	2.744140625
17.38	2.7587890625
17.39	2.783203125
17.400004	2.7978515625
17.41	2.8173828125
17.42	2.8173828125
17.43	2.8173828125
17.44	2.822265625
17.45	2.8076171875
17.46	2.783203125
17.47	2.7587890625
17.48	2.744140625
17.49	2.734375
17.5	2.7392578125
17.509996	2.744140625
17.52	2.75390625
17.530004	2.7734375
17.54	2.7978515625
17.549996	2.8173828125
17.560004	2.822265625
17.570004	2.822265625
17.58	2.822265625
17.589996	2.8076171875
17.600008	2.7880859375
17.61	2.7783203125
17.619996	2.75390625
17.63	2.7392578125
17.64	2.734375
17.65	2.7392578125
17.66	2.75390625
17.67	2.7734375
17.68	2.783203125
17.69	2.802734375
17.700004	2.822265625
17.71	2.8173828125
17.72	2.8125
17.73	2.8125
17.740004	2.7880859375
17.75	2.7783203125
17.76	2.7587890625
17.77	2.744140625
17.780004	2.7392578125
17.79	2.7294921875
17.8	2.7392578125
17.81	2.7587890625
17.82	2.7880859375
17.83	2.79296875
17.84	2.8125
17.849996	2.822265625
17.86	2.8271484375
17.870004	2.8173828125
17.88	2.7978515625
17.889996	2.7783203125
17.900004	2.7587890625
17.91	2.7490234375
17.919996	2.7392578125
17.93	2.744140625
17.94	2.7490234375
17.950004	2.763671875
17.959996	2.783203125
17.97	2.7978515625
17.98	2.8125
17.99	2.822265625
18.0	2.8173828125
18.01	2.8125
18.02	2.802734375
18.03	2.7880859375
18.040004	2.7734375
18.05	2.7490234375
18.06	2.744140625
18.07	2.7490234375
18.08	2.7392578125
18.09	2.75390625
18.1	2.7783203125
18.11	2.7978515625
18.12	2.8125
18.13	2.8173828125
18.14	2.8173828125
18.149996	2.8125
18.16	2.8076171875
18.170004	2.7880859375
18.18	2.7685546875
18.189996	2.7587890625
18.200004	2.7392578125
18.210004	2.7392578125
18.22	2.7392578125
18.229996	2.75390625
18.240008	2.7685546875
18.25	2.79296875
18.259996	2.7978515625
18.27	2.8173828125
18.28	2.822265625
18.29	2.8173828125
18.3	2.8125
18.31	2.79296875
18.32	2.7734375
18.33	2.75390625
18.340004	2.7490234375
18.35	2.7392578125
18.36	2.734375
18.37	2.75390625
18.380004	2.7685546875
18.39	2.7734375
18.4	2.802734375
18.41	2.8125
18.420004	2.8173828125
18.43	2.8173828125
18.44	2.8076171875
18.45	2.802734375
18.46	2.7734375
18.47	2.7587890625
18.48	2.744140625
18.489996	2.744140625
18.5	2.744140625
18.510004	2.744140625
18.52	2.763671875
18.529996	2.7783203125
18.540004	2.802734375
18.55	2.8125
18.559996	2.8271484375
18.57	2.822265625
18.58	2.8173828125
18.590004	2.7978515625
18.599996	2.783203125
18.61	2.763671875
18.62	2.7490234375
18.63	2.744140625
18.64	2.734375
18.65	2.744140625
18.66	2.763671875
18.67	2.7734375
18.680004	2.7978515625
18.69	2.8076171875
18.7	2.8125
18.71	2.822265625
18.72	2.8125
18.73	2.802734375
18.74	2.79296875
18.75	2.7734375
18.76	2.75390625
18.77	2.7392578125
18.78	2.734375
18.789996	2.7490234375
18.8	2.7490234375
18.810004	2.7783203125
18.82	2.7880859375
18.829996	2.802734375
18.840004	2.802734375
18.850004	2.822265625
18.86	2.8125
18.869996	2.8076171875
18.880008	2.7978515625
18.89	2.7783203125
18.899996	2.75390625
18.91	2.744140625
18.92	2.744140625
18.93	2.7392578125
18.94	2.75390625
18.95	2.7685546875
18.96	2.7880859375
18.97	2.802734375
18.980004	2.8076171875
18.99	2.822265625
19.0	2.8076171875
19.01	2.8076171875
19.020004	2.7978515625
19.03	2.783203125
19.04	2.7587890625
19.05	2.7490234375
19.060004	2.7392578125
19.07	2.7392578125
19.08	2.75390625
19.09	2.763671875
19.1	2.783203125
19.11	2.7978515625
19.12	2.8076171875
19.129996	2.822265625
19.14	2.8076171875
19.150004	2.8173828125
19.16	2.79296875
19.169996	2.7880859375
19.180004	2.763671875
19.19	2.75390625
19.199996	2.744140625
19.21	2.744140625
19.22	2.7490234375
19.230004	2.7587890625
19.239996	2.7783203125
19.25	2.7978515625
19.26	2.8076171875
19.27	2.8173828125
19.28	2.8125
19.29	2.8125
19.3	2.7978515625
19.31	2.783203125
19.320004	2.7685546875
19.33	2.7587890625
19.34	2.7392578125
19.35	2.744140625
19.36	2.734375
19.37	2.763671875
19.38	2.7685546875
19.39	2.79296875
19.4	2.8076171875
19.41	2.8125
19.42	2.8173828125
19.429996	2.8076171875
19.44	2.8076171875
19.450004	2.783203125
19.46	2.7734375
19.469996	2.7587890625
19.480004	2.7587890625
19.490004	2.7392578125
19.5	2.744140625
19.509996	2.75390625
19.520008	2.7685546875
19.53	2.7880859375
19.539996	2.7978515625
19.55	2.822265625
19.56	2.8173828125
19.57	2.8173828125
19.58	2.8076171875
19.59	2.7880859375
19.6	2.783203125
19.61	2.7587890625
19.620004	2.744140625
19.63	2.744140625
19.64	2.7490234375
19.65	2.75390625
19.660004	2.7734375
19.67	2.783203125
19.68	2.7978515625
19.69	2.8125
19.700004	2.8173828125
19.71	2.8125
19.72	2.8076171875
19.73	2.802734375
19.74	2.7783203125
19.75	2.7685546875
19.76	2.7490234375
19.769996	2.7392578125
19.78	2.75390625
19.790004	2.75390625
19.8	2.7587890625
19.809996	2.783203125
19.820004	2.7978515625
19.83	2.802734375
19.839996	2.802734375
19.85	2.8173828125
19.86	2.8125
19.870004	2.7978515625
19.879996	2.7783203125
19.89	2.7685546875
19.9	2.7490234375
19.91	2.744140625
19.92	2.7490234375
19.93	2.7490234375
19.94	2.763671875
19.95	2.7734375
19.960004	2.7978515625
19.97	2.8076171875
19.98	2.8125
19.99	2.8173828125
20.0	2.8173828125
20.01	2.802734375
20.02	2.79296875
20.03	2.763671875
20.04	2.763671875
20.05	2.7490234375
20.06	2.744140625
20.069996	2.7392578125
20.08	2.75390625
20.090004	2.763671875
20.1	2.79296875
20.109996	2.7978515625
20.120004	2.8125
20.130004	2.802734375
20.14	2.8125
20.149996	2.802734375
20.160008	2.802734375
20.17	2.7783203125
20.179996	2.763671875
20.19	2.744140625
20.2	2.7490234375
20.21	2.7490234375
20.22	2.7490234375
20.23	2.7587890625
20.24	2.7783203125
20.25	2.802734375
20.260004	2.8076171875
20.27	2.8125
20.28	2.8076171875
20.29	2.8076171875
20.300004	2.802734375
20.31	2.7783203125
20.32	2.7685546875
20.33	2.75390625
20.340004	2.7490234375
20.35	2.7392578125
20.36	2.7587890625
20.37	2.7685546875
20.38	2.783203125
20.39	2.7978515625
20.4	2.8076171875
20.409996	2.8076171875
20.42	2.8125
20.430004	2.8125
20.44	2.7978515625
20.449996	2.7880859375
20.460004	2.7734375
20.47	2.75390625
20.479996	2.7490234375
20.49	2.744140625
20.5	2.75390625
20.510004	2.75390625
20.519996	2.783203125
20.53	2.79296875
20.54	2.8125
20.55	2.8173828125
20.56	2.8173828125
20.57	2.8125
20.58	2.7978515625
20.59	2.7880859375
20.600004	2.7734375
20.61	2.75390625
20.62	2.744140625
20.63	2.75390625
20.64	2.75390625
20.65	2.7587890625
20.66	2.7685546875
20.67	2.79296875
20.68	2.802734375
20.69	2.8076171875
20.7	2.8173828125
20.709996	2.8125
20.72	2.8076171875
20.730004	2.7880859375
20.74	2.7783203125
20.749996	2.763671875
20.760004	2.7490234375
20.770004	2.744140625
20.78	2.7392578125
20.789996	2.763671875
20.800008	2.7685546875
20.81	2.7880859375
20.819996	2.7978515625
20.83	2.8076171875
20.84	2.8173828125
20.85	2.8125
20.86	2.802734375
20.87	2.79296875
20.88	2.7880859375
20.89	2.763671875
20.900004	2.75390625
20.91	2.75390625
20.92	2.744140625
20.93	2.7587890625
20.940004	2.7685546875
20.95	2.783203125
20.96	2.79296875
20.97	2.8125
20.980004	2.8173828125
20.99	2.8076171875
21.0	2.8076171875
21.01	2.7978515625
21.02	2.783203125
21.03	2.763671875
21.04	2.7587890625
21.049996	2.744140625
21.06	2.744140625
21.070004	2.7490234375
21.08	2.763671875
21.089996	2.7783203125
21.100004	2.802734375
21.11	2.8076171875
21.119996	2.8076171875
21.13	2.8076171875
21.14	2.8076171875
21.150004	2.8076171875
21.159996	2.7880859375
21.17	2.7734375
21.18	2.7587890625
21.19	2.7490234375
21.2	2.744140625
21.21	2.75390625
21.22	2.763671875
21.23	2.7685546875
21.240004	2.7880859375
21.25	2.7978515625
21.26	2.8125
21.27	2.8076171875
21.28	2.8173828125
21.29	2.802734375
21.3	2.7880859375
21.31	2.7734375
21.32	2.7587890625
21.33	2.7587890625
21.34	2.7490234375
21.349996	2.75390625
21.36	2.763671875
21.370004	2.7685546875
21.38	2.7880859375
21.389996	2.802734375
21.400004	2.8125
21.410004	2.8125
21.42	2.822265625
21.429996	2.802734375
21.440008	2.79296875
21.45	2.783203125
21.459996	2.7685546875
21.47	2.75390625
21.48	2.7392578125
21.49	2.7490234375
21.5	2.75390625
21.51	2.763671875
21.52	2.7880859375
21.53	2.802734375
21.540004	2.8125
21.55	2.8125
21.56	2.8125
21.57	2.7978515625
21.580004	2.7978515625
21.59	2.7783203125
21.6	2.763671875
21.61	2.75390625
21.620004	2.75390625
21.63	2.7490234375
21.64	2.7587890625
21.65	2.7587890625
21.66	2.7783203125
21.67	2.79296875
21.68	2.802734375
21.689996	2.8076171875
21.7	2.8076171875
21.710004	2.8125
21.72	2.802734375
21.729996	2.783203125
21.740004	2.7783203125
21.75	2.7587890625
21.759996	2.75390625
21.77	2.7392578125
21.78	2.7587890625
21.790004	2.7490234375
21.799996	2.7783203125
21.81	2.79296875
21.82	2.802734375
21.83	2.8125
21.84	2.8076171875
21.85	2.8076171875
21.86	2.802734375
21.87	2.79296875
21.880004	2.7734375
21.89	2.7685546875
21.9	2.744140625
21.91	2.744140625
21.92	2.7490234375
21.93	2.7587890625
21.94	2.7783203125
21.95	2.783203125
21.96	2.79296875
21.97	2.8125
21.98	2.8125
21.989996	2.8076171875
22.0	2.7978515625
22.010004	2.783203125
22.02	2.7783203125
22.029996	2.7587890625
22.040004	2.7490234375
22.050004	2.744140625
22.06	2.75390625
22.069996	2.75390625
22.080008	2.763671875
22.09	2.7880859375
22.099996	2.7978515625
22.11	2.8076171875
22.12	2.8125
22.13	2.8076171875
22.14	2.802734375
22.15	2.79296875
22.16	2.7783203125
22.17	2.763671875
22.180004	2.7587890625
22.19	2.75390625
22.2	2.744140625
22.21	2.7587890625
22.220004	2.7685546875
22.23	2.783203125
22.24	2.7880859375
22.25	2.802734375
22.260004	2.8076171875
22.27	2.8125
22.28	2.8125
22.29	2.79296875
22.3	2.783203125
22.31	2.763671875
22.32	2.75390625
22.329996	2.75390625
22.34	2.75390625
22.350004	2.75390625
22.36	2.7685546875
22.369996	2.783203125
22.380004	2.7880859375
22.39	2.7978515625
22.399996	2.8076171875
22.41	2.8173828125
22.42	2.802734375
22.430004	2.802734375
22.439996	2.7880859375
22.45	2.7685546875
22.46	2.763671875
22.47	2.7490234375
22.48	2.7587890625
22.49	2.7490234375
22.5	2.763671875
22.51	2.7734375
22.520004	2.79296875
22.53	2.7978515625
22.54	2.802734375
22.55	2.8125
22.56	2.8076171875
22.57	2.802734375
22.58	2.783203125
22.59	2.7685546875
22.6	2.763671875
22.61	2.75390625
22.62	2.7490234375
22.629996	2.7490234375
22.64	2.763671875
22.650004	2.7734375
22.66	2.783203125
22.669996	2.802734375
22.680004	2.8076171875
22.690004	2.8076171875
22.7	2.8173828125
22.709996	2.802734375
22.720008	2.79296875
22.73	2.783203125
22.739996	2.7685546875
22.75	2.75390625
22.76	2.75390625
22.77	2.75390625
22.78	2.763671875
22.79	2.7734375
22.8	2.7880859375
22.81	2.7978515625
22.820004	2.8076171875
22.83	2.8076171875
22.84	2.8125
22.85	2.79296875
22.860004	2.7978515625
22.87	2.783203125
22.88	2.7783203125
22.89	2.75390625
22.900004	2.75390625
22.91	2.7587890625
22.92	2.7587890625
22.93	2.7734375
22.94	2.783203125
22.95	2.7880859375
22.96	2.7978515625
22.969996	2.8125
22.98	2.8076171875
22.990004	2.79296875
23.0	2.7978515625
23.009996	2.783203125
23.020004	2.7734375
23.03	2.763671875
23.039996	2.7587890625
23.05	2.7490234375
23.06	2.75390625
23.070004	2.763671875
23.079996	2.7685546875
23.09	2.79296875
23.1	2.79296875
23.11	2.8076171875
23.12	2.802734375
23.13	2.8125
23.14	2.7978515625
23.15	2.79296875
23.160004	2.7783203125
23.17	2.75390625
23.18	2.75390625
23.19	2.7490234375
23.2	2.7587890625
23.21	2.7587890625
23.22	2.7734375
23.23	2.783203125
23.24	2.7978515625
23.25	2.802734375
23.26	2.8125
23.269996	2.8076171875
23.28	2.802734375
23.290004	2.79296875
23.3	2.7783203125
23.309996	2.763671875
23.320004	2.7490234375
23.330004	2.7490234375
23.34	2.75390625
23.349996	2.7587890625
23.360008	2.7734375
23.37	2.783203125
23.379996	2.7978515625
23.39	2.7978515625
23.4	2.8076171875
23.41	2.8076171875
23.42	2.7978515625
23.43	2.7880859375
23.44	2.783203125
23.45	2.7685546875
23.460004	2.7587890625
23.47	2.75390625
23.48	2.75390625
23.49	2.7587890625
23.500004	2.763671875
23.51	2.7734375
23.52	2.802734375
23.53	2.79296875
23.540004	2.8076171875
23.55	2.802734375
23.56	2.802734375
23.57	2.7978515625
23.58	2.7880859375
23.59	2.7685546875
23.6	2.7587890625
23.609996	2.75390625
23.62	2.7490234375
23.630004	2.75390625
23.64	2.7587890625
23.649996	2.783203125
23.660004	2.7880859375
23.67	2.7978515625
23.679996	2.802734375
23.69	2.8076171875
23.7	2.802734375
23.710004	2.7978515625
23.719996	2.79296875
23.73	2.7685546875
23.74	2.7587890625
23.75	2.7587890625
23.76	2.7587890625
23.77	2.7490234375
23.78	2.763671875
23.79	2.7734375
23.800004	2.7783203125
23.81	2.802734375
23.82	2.8076171875
23.83	2.8076171875
23.84	2.8076171875
23.85	2.7978515625
23.86	2.79296875
23.87	2.7734375
23.88	2.763671875
23.89	2.75390625
23.9	2.75390625
23.909996	2.744140625
23.92	2.763671875
23.930004	2.763671875
23.94	2.7880859375
23.949996	2.79296875
23.960004	2.8076171875
23.970004	2.8125
23.98	2.8076171875
23.989996	2.802734375
24.000008	2.79296875
24.01	2.7783203125
24.019996	2.7734375
24.03	2.763671875
24.04	2.7587890625
24.05	2.7490234375
24.06	2.7587890625
24.07	2.763671875
24.08	2.7783203125
24.09	2.79296875
24.100004	2.7978515625
24.11	2.802734375
24.12	2.802734375
24.13	2.7978515625
24.140004	2.802734375
24.15	2.7880859375
24.16	2.7685546875
24.17	2.7587890625
24.180004	2.7490234375
24.19	2.75390625
24.2	2.7587890625
24.21	2.7685546875
24.22	2.7783203125
24.23	2.7978515625
24.24	2.7978515625
24.249996	2.802734375
24.26	2.802734375
24.270004	2.7978515625
24.28	2.79296875
24.289996	2.783203125
24.300004	2.7734375
24.31	2.7587890625
24.319996	2.75390625
24.33	2.7587890625
24.34	2.75390625
24.350004	2.763671875
24.359996	2.7734375
24.37	2.7880859375
24.38	2.7978515625
24.39	2.8125
24.4	2.7978515625
24.41	2.8125
24.42	2.802734375
24.43	2.7880859375
24.440004	2.7783203125
24.45	2.7587890625
24.46	2.75390625
24.47	2.7490234375
24.48	2.75390625
24.49	2.763671875
24.5	2.7783203125
24.51	2.7880859375
24.52	2.802734375
24.53	2.802734375
24.54	2.8076171875
24.549996	2.802734375
24.56	2.7978515625
24.570004	2.79296875
24.58	2.783203125
24.589996	2.7685546875
24.600004	2.75390625
24.610004	2.7490234375
24.62	2.7587890625
24.629996	2.763671875
24.640008	2.7734375
24.65	2.783203125
24.659996	2.7978515625
24.67	2.7978515625
24.68	2.8125
24.69	2.8076171875
24.7	2.802734375
24.71	2.79296875
24.72	2.783203125
24.73	2.7685546875
24.740004	2.7587890625
24.75	2.7490234375
24.76	2.7490234375
24.77	2.7587890625
24.780004	2.763671875
24.79	2.7783203125
24.8	2.7978515625
24.81	2.7978515625
24.820004	2.8076171875
24.83	2.802734375
24.84	2.7978515625
24.85	2.79296875
24.86	2.783203125
24.87	2.7685546875
24.88	2.7587890625
24.889996	2.7587890625
24.9	2.75390625
24.910004	2.7587890625
24.92	2.763671875
24.929996	2.7734375
24.940004	2.7880859375
24.95	2.802734375
24.959996	2.8076171875
24.97	2.802734375
24.98	2.8076171875
24.990004	2.7978515625
24.999996	2.7880859375
25.01	2.7734375
25.02	2.763671875
25.03	2.7587890625
25.04	2.7587890625
25.05	2.7587890625
25.06	2.763671875
25.07	2.7783203125
25.080004	2.783203125
25.09	2.7978515625
25.1	2.7978515625
25.11	2.8125
25.12	2.802734375
25.13	2.7978515625
25.14	2.79296875
25.15	2.7734375
25.16	2.7685546875
25.17	2.75390625
25.18	2.7587890625
25.189996	2.7587890625
25.2	2.7587890625
25.210004	2.7685546875
25.22	2.783203125
25.229996	2.79296875
25.240004	2.7978515625
25.250004	2.7978515625
25.26	2.8076171875
25.269996	2.802734375
25.280008	2.7880859375
25.29	2.7783203125
25.299996	2.7685546875
25.31	2.763671875
25.32	2.7587890625
25.33	2.75390625
25.34	2.763671875
25.35	2.763671875
25.36	2.783203125
25.37	2.79296875
25.380004	2.7978515625
25.39	2.8125
25.4	2.7978515625
25.41	2.79296875
25.420004	2.79296875
25.43	2.783203125
25.44	2.7685546875
25.45	2.763671875
25.460004	2.7587890625
25.47	2.75390625
25.48	2.75390625
25.49	2.7685546875
25.5	2.7783203125
25.51	2.7880859375
25.52	2.79296875
25.529996	2.802734375
25.54	2.802734375
25.550004	2.7978515625
25.56	2.802734375
25.569996	2.7783203125
25.580004	2.7734375
25.59	2.7685546875
25.599996	2.7587890625
25.61	2.7587890625
25.62	2.75390625
25.630004	2.7685546875
25.639996	2.7783203125
25.65	2.783203125
25.66	2.802734375
25.67	2.802734375
25.68	2.7978515625
25.69	2.802734375
25.7	2.7978515625
25.71	2.7880859375
25.720004	2.7734375
25.73	2.763671875
25.74	2.7587890625
25.75	2.75390625
25.76	2.75390625
25.77	2.763671875
25.78	2.7734375
25.79	2.7880859375
25.8	2.79296875
25.81	2.8076171875
25.82	2.802734375
25.829996	2.79296875
25.84	2.7978515625
25.850004	2.79296875
25.86	2.7783203125
25.869996	2.7685546875
25.880004	2.7587890625
25.890004	2.75390625
25.9	2.7587890625
25.909996	2.7587890625
25.920008	2.7685546875
25.93	2.7734375
25.939996	2.7978515625
25.95	2.802734375
25.96	2.802734375
25.97	2.802734375
25.98	2.79296875
25.99	2.7978515625
26.0	2.7734375
26.01	2.7734375
26.020004	2.763671875
26.03	2.7587890625
26.04	2.7587890625
26.05	2.75390625
26.060004	2.7685546875
26.07	2.7783203125
26.08	2.7978515625
26.09	2.7978515625
26.100004	2.8076171875
26.11	2.8076171875
26.12	2.802734375
26.13	2.79296875
26.14	2.7880859375
26.15	2.7783203125
26.16	2.763671875
26.169996	2.763671875
26.18	2.7587890625
26.190004	2.7587890625
26.2	2.7685546875
26.209996	2.7734375
26.220004	2.79296875
26.23	2.79296875
26.239996	2.802734375
26.25	2.802734375
26.26	2.802734375
26.270004	2.7978515625
26.279996	2.783203125
26.29	2.7734375
26.3	2.763671875
26.31	2.7587890625
26.32	2.7587890625
26.33	2.7587890625
26.34	2.763671875
26.35	2.7734375
26.360004	2.7880859375
26.37	2.8076171875
26.38	2.7978515625
26.39	2.8076171875
26.4	2.79296875
26.41	2.802734375
26.42	2.7880859375
26.43	2.7734375
26.44	2.763671875
26.45	2.7587890625
26.46	2.763671875
26.469996	2.763671875
26.48	2.7685546875
26.490004	2.7734375
26.5	2.783203125
26.509996	2.79296875
26.520004	2.7978515625
26.530004	2.8076171875
26.54	2.802734375
26.549996	2.7978515625
26.560008	2.7880859375
26.57	2.783203125
26.579996	2.7734375
26.59	2.763671875
26.6	2.763671875
26.61	2.7490234375
26.62	2.763671875
26.63	2.7783203125
26.64	2.783203125
26.65	2.783203125
