Channel Accuracy: 10 Bits
Measurement Range 0...5V --> Resolution: 5V/2^10 = 4.9mV
Measured Single Channel at a Frequency of 100 Hz
Time (s)	Voltage (V)
0	2.3681640625
0.01	2.3779296875
0.019996	2.3681640625
0.029996	2.3779296875
0.039996	2.373046875
0.049996	2.3681640625
0.060004	2.36328125
0.069996	2.3681640625
0.079996	2.373046875
0.090004	2.3681640625
0.100004	2.373046875
0.109996	2.373046875
0.119996	2.3779296875
0.130004	2.373046875
0.140004	2.3779296875
0.149996	2.3681640625
0.16	2.3681640625
0.170004	2.373046875
0.180004	2.373046875
0.190004	2.3681640625
0.199996	2.3681640625
0.210004	2.373046875
0.220004	2.3681640625
0.230004	2.373046875
0.239996	2.3681640625
0.249996	2.373046875
0.259996	2.36328125
0.269996	2.373046875
0.28	2.373046875
0.29	2.373046875
0.299996	2.3779296875
0.309996	2.3876953125
0.319996	2.392578125
0.33	2.44140625
0.339996	2.6318359375
0.349996	2.96875
0.359996	3.1982421875
0.369996	3.1298828125
0.379996	2.861328125
0.389996	2.5537109375
0.400004	2.4658203125
0.409996	2.67578125
0.419996	2.98828125
0.430004	3.18359375
0.440004	3.10546875
0.449996	2.841796875
0.46	2.5537109375
0.469996	2.4853515625
0.480004	2.7197265625
0.489996	2.98828125
0.499996	3.1689453125
0.510004	3.0810546875
0.520004	2.8125
0.530004	2.55859375
0.539996	2.51953125
0.550004	2.7392578125
0.560004	3.0126953125
0.570004	3.1591796875
0.579996	3.056640625
0.589996	2.79296875
0.599996	2.548828125
0.609996	2.5341796875
0.619996	2.7587890625
0.63	3.017578125
0.639996	3.1494140625
0.649996	3.037109375
0.659996	2.7783203125
0.669996	2.55859375
0.679996	2.568359375
0.689996	2.783203125
0.700004	3.0224609375
0.709996	3.125
0.719996	2.998046875
0.730004	2.763671875
0.740004	2.5634765625
0.749996	2.587890625
0.759996	2.7880859375
0.770004	3.02734375
0.780004	3.10546875
0.789996	2.98828125
0.8	2.7490234375
0.810004	2.5634765625
0.820004	2.6025390625
0.830004	2.822265625
0.839996	3.0419921875
0.850004	3.0908203125
0.860004	2.96875
0.870004	2.734375
0.879996	2.578125
0.889996	2.6220703125
0.899996	2.8271484375
0.909996	3.037109375
0.92	3.0810546875
0.93	2.9345703125
0.939996	2.75390625
0.949996	2.5830078125
0.959996	2.646484375
0.97	2.8466796875
0.979996	3.037109375
0.989996	3.06640625
0.999996	2.919921875
1.009996	2.734375
1.019996	2.5830078125
1.029996	2.65625
1.040004	2.8564453125
1.049996	3.02734375
1.059996	3.056640625
1.070004	2.900390625
1.080004	2.7294921875
1.089996	2.6025390625
1.1	2.685546875
1.109996	2.861328125
1.120004	3.02734375
1.129996	3.046875
1.139996	2.880859375
1.150004	2.724609375
1.160004	2.59765625
1.170004	2.7099609375
1.179996	2.87109375
1.190004	3.02734375
1.200004	3.02734375
1.210004	2.87109375
1.219996	2.7197265625
1.229996	2.6171875
1.239996	2.7294921875
1.249996	2.880859375
1.259996	3.0224609375
1.27	3.0224609375
1.279996	2.8662109375
1.289996	2.7099609375
1.299996	2.6171875
1.309996	2.744140625
1.319996	2.890625
1.329996	3.02734375
1.340004	3.0126953125
1.349996	2.841796875
1.359996	2.7001953125
1.370004	2.6220703125
1.380004	2.75390625
1.389996	2.9052734375
1.399996	3.017578125
1.410004	2.998046875
1.420004	2.8369140625
1.429996	2.6904296875
1.44	2.6416015625
1.450004	2.75390625
1.460004	2.9052734375
1.470004	3.0224609375
1.479996	2.98828125
1.490004	2.822265625
1.500004	2.6953125
1.510004	2.6513671875
1.519996	2.7587890625
1.529996	2.9150390625
1.539996	3.017578125
1.549996	2.96875
1.56	2.822265625
1.57	2.7001953125
1.579996	2.65625
1.589996	2.7734375
1.599996	2.919921875
1.61	3.0078125
1.619996	2.958984375
1.629996	2.802734375
1.639996	2.6953125
1.649996	2.6708984375
1.659996	2.783203125
1.669996	2.9296875
1.680004	3.0126953125
1.689996	2.939453125
1.699996	2.7978515625
1.710004	2.6953125
1.720004	2.685546875
1.729996	2.7880859375
1.74	2.9296875
1.749996	3.0029296875
1.760004	2.9345703125
1.769996	2.79296875
1.779996	2.7001953125
1.790004	2.705078125
1.800004	2.8076171875
1.810004	2.9345703125
1.819996	3.0029296875
1.830004	2.9248046875
1.840004	2.783203125
1.850004	2.7001953125
1.859996	2.705078125
1.869996	2.802734375
1.879996	2.9345703125
1.889996	2.998046875
1.899996	2.9150390625
1.91	2.783203125
1.919996	2.7001953125
1.929996	2.7197265625
1.939996	2.822265625
1.949996	2.939453125
1.959996	2.98828125
1.969996	2.900390625
1.980004	2.783203125
1.989996	2.705078125
1.999996	2.734375
2.010004	2.8369140625
2.020004	2.9345703125
2.029996	2.98828125
2.039996	2.8857421875
2.050004	2.7783203125
2.060004	2.705078125
2.069996	2.7490234375
2.08	2.83203125
2.090004	2.9443359375
2.100004	2.9736328125
2.110004	2.8857421875
2.119996	2.7783203125
2.130004	2.705078125
2.140004	2.744140625
2.150004	2.8466796875
2.159996	2.939453125
2.169996	2.96875
2.179996	2.880859375
2.189996	2.7685546875
2.2	2.705078125
2.21	2.744140625
2.219996	2.8466796875
2.229996	2.939453125
2.239996	2.958984375
2.25	2.8759765625
2.259996	2.7685546875
2.269996	2.71484375
2.279996	2.75390625
2.289996	2.8564453125
2.299996	2.9345703125
2.309996	2.9443359375
2.320004	2.8759765625
2.329996	2.7587890625
2.339996	2.7197265625
2.350004	2.7587890625
2.360004	2.8515625
2.369996	2.939453125
2.38	2.939453125
2.389996	2.8662109375
2.400004	2.7587890625
2.409996	2.724609375
2.419996	2.7587890625
2.430004	2.861328125
2.440004	2.9345703125
2.450004	2.9345703125
2.459996	2.861328125
2.470004	2.75390625
2.480004	2.7392578125
2.490004	2.7587890625
2.499996	2.8662109375
2.509996	2.939453125
2.519996	2.9296875
2.529996	2.861328125
2.539996	2.7490234375
2.55	2.7392578125
2.559996	2.763671875
2.569996	2.87109375
2.579996	2.939453125
2.589996	2.9248046875
2.599996	2.8369140625
2.609996	2.75390625
2.620004	2.744140625
2.629996	2.7734375
2.639996	2.8759765625
2.650004	2.939453125
2.660004	2.9248046875
2.669996	2.841796875
2.679996	2.7587890625
2.690004	2.7392578125
2.700004	2.783203125
2.709996	2.87109375
2.72	2.9296875
2.730004	2.9248046875
2.740004	2.83203125
2.750004	2.7587890625
2.759996	2.7392578125
2.770004	2.7880859375
2.780004	2.8662109375
2.790004	2.9345703125
2.799996	2.9150390625
2.809996	2.83203125
2.819996	2.7587890625
2.829996	2.75390625
2.84	2.7880859375
2.85	2.8759765625
2.859996	2.9296875
2.869996	2.900390625
2.879996	2.8271484375
2.89	2.7490234375
2.899996	2.7490234375
2.909996	2.7978515625
2.919996	2.8759765625
2.929996	2.9296875
2.939996	2.8955078125
2.949996	2.822265625
2.960004	2.7587890625
2.969996	2.75390625
2.979996	2.802734375
2.990004	2.880859375
3.000004	2.9296875
3.009996	2.8955078125
3.02	2.8076171875
3.029996	2.75390625
3.040004	2.75390625
3.049996	2.8125
3.059996	2.8857421875
3.070004	2.9248046875
3.080004	2.8857421875
3.090004	2.8125
3.099996	2.75390625
3.110004	2.763671875
3.120004	2.802734375
3.130004	2.8857421875
3.139996	2.9296875
3.149996	2.890625
3.159996	2.8076171875
3.169996	2.7587890625
3.179996	2.75390625
3.19	2.8125
3.199996	2.8857421875
3.209996	2.919921875
3.219996	2.880859375
3.229996	2.802734375
3.239996	2.75390625
3.249996	2.7587890625
3.260004	2.8173828125
3.269996	2.890625
3.279996	2.9150390625
3.290004	2.880859375
3.300004	2.79296875
3.309996	2.763671875
3.319996	2.763671875
3.330004	2.822265625
3.340004	2.8955078125
3.349996	2.919921875
3.36	2.880859375
3.370004	2.79296875
3.380004	2.7587890625
3.390004	2.763671875
3.399996	2.83203125
3.410004	2.890625
3.420004	2.9150390625
3.430004	2.8759765625
3.439996	2.7978515625
3.449996	2.7587890625
3.459996	2.7685546875
3.469996	2.8369140625
3.48	2.890625
3.49	2.91015625
3.499996	2.87109375
3.509996	2.79296875
3.519996	2.75390625
3.53	2.763671875
3.539996	2.83203125
3.549996	2.890625
3.559996	2.9052734375
3.569996	2.8564453125
3.579996	2.79296875
3.589996	2.763671875
3.600004	2.7734375
3.609996	2.8369140625
3.619996	2.8955078125
3.630004	2.91015625
3.640004	2.8564453125
3.649996	2.7880859375
3.66	2.75390625
3.669996	2.7734375
3.680004	2.8369140625
3.689996	2.890625
3.699996	2.900390625
3.710004	2.8564453125
3.720004	2.79296875
3.730004	2.7587890625
3.739996	2.7734375
3.750004	2.8369140625
3.760004	2.9052734375
3.770004	2.900390625
3.779996	2.861328125
3.789996	2.7880859375
3.799996	2.7587890625
3.809996	2.783203125
3.819996	2.8466796875
3.83	2.900390625
3.839996	2.8955078125
3.849996	2.861328125
3.859996	2.7880859375
3.869996	2.763671875
3.879996	2.7783203125
3.889996	2.8515625
3.900004	2.900390625
3.909996	2.890625
3.919996	2.8564453125
3.930004	2.7783203125
3.940004	2.7587890625
3.949996	2.79296875
3.959996	2.8466796875
3.970004	2.8955078125
3.980004	2.890625
3.989996	2.822265625
4.0	2.7880859375
4.010004	2.763671875
4.020004	2.7880859375
4.030004	2.8564453125
4.039996	2.8955078125
4.050004	2.8857421875
4.060004	2.841796875
4.070004	2.7783203125
4.079996	2.763671875
4.089996	2.79296875
4.099996	2.8564453125
4.109996	2.900390625
4.12	2.8857421875
4.13	2.83203125
4.139996	2.783203125
4.149996	2.7685546875
4.159996	2.79296875
4.17	2.8564453125
4.179996	2.8955078125
4.189996	2.8857421875
4.199996	2.8369140625
4.209996	2.783203125
4.219996	2.7587890625
4.229996	2.802734375
4.240004	2.861328125
4.249996	2.8857421875
4.259996	2.8759765625
4.270004	2.8271484375
4.280004	2.7783203125
4.289996	2.7685546875
4.3	2.802734375
4.309996	2.861328125
4.320004	2.8955078125
4.329996	2.8759765625
4.339996	2.83203125
4.350004	2.783203125
4.360004	2.7685546875
4.370004	2.802734375
4.379996	2.8515625
4.390004	2.890625
4.400004	2.880859375
4.410004	2.8369140625
4.419996	2.7734375
4.429996	2.7685546875
4.439996	2.8125
4.449996	2.8564453125
4.459996	2.890625
4.47	2.8662109375
4.479996	2.822265625
4.489996	2.7783203125
4.499996	2.7783203125
4.509996	2.8173828125
4.519996	2.8662109375
4.529996	2.890625
4.540004	2.87109375
4.549996	2.8271484375
4.559996	2.7783203125
4.570004	2.7734375
4.580004	2.822265625
4.589996	2.87109375
4.599996	2.890625
4.610004	2.87109375
4.620004	2.822265625
4.629996	2.7783203125
4.64	2.7783203125
4.650004	2.8125
4.660004	2.87109375
4.670004	2.8857421875
4.679996	2.87109375
4.690004	2.822265625
4.700004	2.7734375
4.710004	2.783203125
4.719996	2.8271484375
4.729996	2.87109375
4.739996	2.8857421875
4.749996	2.8662109375
4.76	2.8125
4.77	2.7734375
4.779996	2.783203125
4.789996	2.822265625
4.799996	2.8759765625
4.81	2.8759765625
4.819996	2.861328125
4.829996	2.79296875
4.839996	2.7783203125
4.849996	2.7880859375
4.859996	2.8271484375
4.869996	2.8759765625
4.880004	2.8857421875
4.889996	2.861328125
4.899996	2.8076171875
4.910004	2.783203125
4.920004	2.783203125
4.929996	2.8271484375
4.94	2.8759765625
4.949996	2.880859375
4.960004	2.861328125
4.969996	2.8076171875
4.979996	2.783203125
4.990004	2.783203125
5.000004	2.8271484375
5.010004	2.87109375
5.019996	2.880859375
5.030004	2.861328125
5.040004	2.8076171875
5.050004	2.783203125
5.059996	2.783203125
5.069996	2.83203125
5.079996	2.87109375
5.089996	2.8857421875
5.099996	2.8515625
5.11	2.8076171875
5.119996	2.783203125
5.129996	2.79296875
5.139996	2.83203125
5.149996	2.87109375
5.159996	2.8759765625
5.169996	2.8564453125
5.180004	2.8076171875
5.189996	2.7783203125
5.199996	2.7978515625
5.210004	2.8369140625
5.220004	2.87109375
5.229996	2.880859375
5.239996	2.8564453125
5.250004	2.8076171875
5.260004	2.7783203125
5.269996	2.7880859375
5.28	2.8466796875
5.290004	2.8759765625
5.300004	2.8759765625
5.310004	2.8466796875
5.319996	2.802734375
5.330004	2.783203125
5.340004	2.8076171875
5.350004	2.8466796875
5.359996	2.8759765625
5.369996	2.8759765625
5.379996	2.8515625
5.389996	2.8076171875
5.4	2.7880859375
5.41	2.802734375
5.419996	2.8369140625
5.429996	2.8759765625
5.439996	2.8759765625
5.45	2.8466796875
5.459996	2.7880859375
5.469996	2.783203125
5.479996	2.802734375
5.489996	2.8466796875
5.499996	2.87109375
5.509996	2.87109375
5.520004	2.841796875
5.529996	2.79296875
5.539996	2.7880859375
5.550004	2.8076171875
5.560004	2.8515625
5.569996	2.880859375
5.58	2.87109375
5.589996	2.841796875
5.600004	2.802734375
5.609996	2.783203125
5.619996	2.8076171875
5.630004	2.8515625
5.640004	2.87109375
5.650004	2.8662109375
5.659996	2.8369140625
5.670004	2.79296875
5.680004	2.783203125
5.690004	2.8076171875
5.699996	2.8564453125
5.709996	2.87109375
5.719996	2.87109375
5.729996	2.83203125
5.739996	2.79296875
5.75	2.7880859375
5.759996	2.8173828125
5.769996	2.8515625
5.779996	2.8662109375
5.789996	2.87109375
5.799996	2.8125
5.809996	2.7978515625
5.820004	2.7880859375
5.829996	2.8173828125
5.839996	2.8564453125
5.850004	2.8759765625
5.860004	2.8662109375
5.869996	2.83203125
5.879996	2.79296875
5.890004	2.7880859375
5.900004	2.822265625
5.909996	2.8564453125
5.92	2.8759765625
5.930004	2.861328125
5.940004	2.8125
5.950004	2.7880859375
5.959996	2.79296875
5.970004	2.822265625
5.980004	2.8515625
5.990004	2.87109375
5.999996	2.8515625
6.009996	2.8173828125
6.019996	2.7880859375
6.029996	2.7880859375
6.04	2.822265625
6.05	2.8564453125
6.059996	2.8759765625
6.069996	2.8564453125
6.079996	2.8125
6.09	2.79296875
6.099996	2.7978515625
6.109996	2.822265625
6.119996	2.8564453125
6.129996	2.8759765625
6.139996	2.8564453125
6.149996	2.822265625
6.160004	2.7880859375
6.169996	2.79296875
6.179996	2.822265625
6.190004	2.8564453125
6.200004	2.87109375
6.209996	2.8515625
6.22	2.8076171875
6.229996	2.79296875
6.240004	2.79296875
6.249996	2.83203125
6.259996	2.8564453125
6.270004	2.8662109375
6.280004	2.8515625
6.290004	2.8173828125
6.299996	2.7978515625
6.310004	2.802734375
6.320004	2.8271484375
6.330004	2.8564453125
6.339996	2.87109375
6.349996	2.8515625
6.359996	2.8173828125
6.369996	2.7978515625
6.379996	2.802734375
6.39	2.8271484375
6.399996	2.861328125
6.409996	2.8662109375
6.419996	2.8466796875
6.429996	2.822265625
6.439996	2.7978515625
6.449996	2.802734375
6.460004	2.83203125
6.469996	2.8564453125
6.479996	2.8662109375
6.490004	2.8515625
6.500004	2.8076171875
6.509996	2.79296875
6.519996	2.79296875
6.530004	2.841796875
6.540004	2.8564453125
6.549996	2.861328125
6.56	2.8564453125
6.570004	2.8125
6.580004	2.79296875
6.590004	2.8076171875
6.599996	2.8369140625
6.610004	2.861328125
6.620004	2.8662109375
6.630004	2.841796875
6.639996	2.8076171875
6.649996	2.7978515625
6.659996	2.802734375
6.669996	2.8369140625
6.68	2.861328125
6.69	2.87109375
6.699996	2.841796875
6.709996	2.8125
6.719996	2.79296875
6.73	2.8125
6.739996	2.841796875
6.749996	2.861328125
6.759996	2.8662109375
6.769996	2.841796875
6.779996	2.8076171875
6.789996	2.79296875
6.800004	2.8076171875
6.809996	2.841796875
6.819996	2.8564453125
6.830004	2.8564453125
6.840004	2.8369140625
6.849996	2.802734375
6.86	2.7880859375
6.869996	2.8173828125
6.880004	2.8466796875
6.889996	2.8662109375
6.899996	2.8564453125
6.910004	2.83203125
6.920004	2.802734375
6.930004	2.7978515625
6.939996	2.8173828125
6.950004	2.841796875
6.960004	2.8564453125
6.970004	2.8515625
6.979996	2.841796875
6.989996	2.7978515625
6.999996	2.802734375
7.009996	2.8173828125
7.019996	2.841796875
7.03	2.8662109375
7.039996	2.861328125
7.049996	2.83203125
7.059996	2.7978515625
7.069996	2.802734375
7.079996	2.8125
7.089996	2.8515625
7.100004	2.8662109375
7.109996	2.861328125
7.119996	2.8271484375
7.130004	2.7978515625
7.140004	2.802734375
7.149996	2.8271484375
7.159996	2.8564453125
7.170004	2.861328125
7.180004	2.8564453125
7.189996	2.83203125
7.2	2.7978515625
7.210004	2.802734375
7.220004	2.8125
7.230004	2.8564453125
7.239996	2.8515625
7.250004	2.861328125
7.260004	2.8271484375
7.270004	2.7978515625
7.279996	2.7978515625
7.289996	2.822265625
7.299996	2.861328125
7.309996	2.861328125
7.32	2.8564453125
7.33	2.822265625
7.339996	2.8076171875
7.349996	2.802734375
7.359996	2.8271484375
7.37	2.8515625
7.379996	2.861328125
7.389996	2.8564453125
7.399996	2.822265625
7.409996	2.8076171875
7.419996	2.802734375
7.429996	2.83203125
7.440004	2.8466796875
7.449996	2.861328125
7.459996	2.8466796875
7.470004	2.8271484375
7.480004	2.802734375
7.489996	2.8076171875
7.5	2.83203125
7.509996	2.8564453125
7.520004	2.8662109375
7.529996	2.8466796875
7.539996	2.8271484375
7.550004	2.7978515625
7.560004	2.8076171875
7.570004	2.8369140625
7.579996	2.8564453125
7.590004	2.861328125
7.600004	2.8466796875
7.610004	2.822265625
7.619996	2.7978515625
7.629996	2.8076171875
7.639996	2.83203125
7.649996	2.8515625
7.659996	2.861328125
7.67	2.841796875
7.679996	2.822265625
7.689996	2.7978515625
7.699996	2.8076171875
7.709996	2.841796875
7.719996	2.8564453125
7.729996	2.861328125
7.740004	2.8466796875
7.749996	2.822265625
7.759996	2.802734375
7.770004	2.8125
7.780004	2.8369140625
7.789996	2.8564453125
7.799996	2.8564453125
7.810004	2.841796875
7.820004	2.8125
7.829996	2.7978515625
7.84	2.8173828125
7.850004	2.8369140625
7.860004	2.8515625
7.870004	2.861328125
7.879996	2.841796875
7.890004	2.8076171875
7.900004	2.802734375
7.910004	2.822265625
7.919996	2.8369140625
7.929996	2.8564453125
7.939996	2.8564453125
7.949996	2.8466796875
7.96	2.802734375
7.97	2.802734375
7.979996	2.8125
7.989996	2.8515625
7.999996	2.8564453125
8.01	2.8564453125
8.019996	2.8369140625
8.029996	2.802734375
8.039996	2.8076171875
8.049996	2.822265625
8.059996	2.8466796875
8.069996	2.8564453125
8.080004	2.861328125
8.089996	2.8369140625
8.099996	2.8076171875
8.110004	2.8076171875
8.120004	2.8173828125
8.129996	2.8369140625
8.14	2.8564453125
8.149996	2.8564453125
8.160004	2.83203125
8.169996	2.7978515625
8.179996	2.8076171875
8.190004	2.822265625
8.200004	2.8466796875
8.210004	2.861328125
8.219996	2.8564453125
8.230004	2.83203125
8.240004	2.8076171875
8.250004	2.8076171875
8.259996	2.83203125
8.269996	2.8466796875
8.279996	2.8515625
8.289996	2.8564453125
8.299996	2.83203125
8.31	2.8076171875
8.319996	2.8076171875
8.329996	2.8271484375
8.339996	2.8466796875
8.349996	2.861328125
8.359996	2.8515625
8.369996	2.8369140625
8.380004	2.8076171875
8.389996	2.802734375
8.399996	2.8271484375
8.410004	2.841796875
8.420004	2.8515625
8.429996	2.8515625
8.439996	2.8271484375
8.450004	2.8125
8.460004	2.8076171875
8.469996	2.83203125
8.48	2.8515625
8.490004	2.8564453125
8.500004	2.8515625
8.510004	2.822265625
8.519996	2.7978515625
8.530004	2.802734375
8.540004	2.8369140625
8.550004	2.8466796875
8.559996	2.861328125
8.569996	2.8466796875
8.579996	2.83203125
8.589996	2.7978515625
8.6	2.8125
8.61	2.8271484375
8.619996	2.8515625
8.629996	2.8564453125
8.639996	2.8466796875
8.65	2.822265625
8.659996	2.802734375
8.669996	2.8125
8.679996	2.83203125
8.689996	2.8515625
8.699996	2.861328125
8.709996	2.8466796875
8.720004	2.8271484375
8.729996	2.802734375
8.739996	2.8125
8.750004	2.83203125
8.760004	2.8466796875
8.769996	2.8564453125
8.78	2.8515625
8.789996	2.8173828125
8.800004	2.7978515625
8.809996	2.8076171875
8.819996	2.83203125
8.830004	2.8515625
8.840004	2.8564453125
8.850004	2.8466796875
8.859996	2.8173828125
8.870004	2.8076171875
8.880004	2.8173828125
8.890004	2.8369140625
8.899996	2.8564453125
8.909996	2.8466796875
8.919996	2.8466796875
8.929996	2.8125
8.939996	2.8076171875
8.95	2.8173828125
8.959996	2.841796875
8.969996	2.8515625
8.979996	2.8564453125
8.989996	2.841796875
8.999996	2.8076171875
9.009996	2.8125
9.020004	2.8125
9.029996	2.8466796875
9.039996	2.841796875
9.050004	2.8515625
9.060004	2.83203125
9.069996	2.822265625
9.079996	2.8125
9.090004	2.822265625
9.100004	2.841796875
9.109996	2.8515625
9.12	2.8515625
9.130004	2.841796875
9.140004	2.8125
9.150004	2.8125
9.159996	2.8271484375
9.170004	2.8515625
9.180004	2.8564453125
9.190004	2.8515625
9.199996	2.83203125
9.209996	2.822265625
9.219996	2.802734375
9.229996	2.822265625
9.24	2.841796875
9.25	2.861328125
9.259996	2.8515625
9.269996	2.83203125
9.279996	2.8173828125
9.29	2.8125
9.299996	2.8271484375
9.309996	2.8369140625
9.319996	2.8564453125
9.329996	2.8515625
9.339996	2.83203125
9.349996	2.8173828125
9.360004	2.8125
9.369996	2.822265625
9.379996	2.8466796875
9.390004	2.8564453125
9.400004	2.8466796875
9.409996	2.8369140625
9.42	2.8173828125
9.429996	2.8076171875
9.440004	2.83203125
9.449996	2.841796875
9.459996	2.861328125
9.470004	2.841796875
9.480004	2.83203125
9.490004	2.8125
9.499996	2.8076171875
9.510004	2.822265625
9.520004	2.8515625
9.530004	2.8564453125
9.539996	2.8466796875
9.549996	2.83203125
9.559996	2.8125
9.569996	2.8125
9.579996	2.83203125
9.59	2.8515625
9.599996	2.8515625
9.609996	2.8564453125
9.619996	2.8369140625
9.629996	2.8125
9.639996	2.8125
9.649996	2.822265625
9.660004	2.8466796875
9.669996	2.8515625
9.679996	2.8515625
9.690004	2.83203125
9.700004	2.8076171875
9.709996	2.8173828125
9.719996	2.83203125
9.730004	2.8515625
9.740004	2.8515625
9.749996	2.8466796875
9.76	2.8271484375
9.770004	2.8125
9.780004	2.822265625
9.790004	2.83203125
9.799996	2.841796875
9.810004	2.8564453125
9.820004	2.841796875
9.830004	2.8271484375
9.839996	2.8076171875
9.849996	2.8125
9.859996	2.841796875
9.869996	2.8466796875
9.88	2.8564453125
9.89	2.8515625
9.899996	2.822265625
9.909996	2.822265625
9.919996	2.8173828125
9.93	2.8369140625
9.939996	2.8466796875
9.949996	2.8564453125
9.959996	2.8466796875
9.969996	2.8271484375
9.979996	2.8125
9.989996	2.8076171875
10.000004	2.8369140625
10.009996	2.8466796875
10.019996	2.8564453125
10.030004	2.841796875
10.040004	2.8271484375
10.049996	2.802734375
10.06	2.822265625
10.069996	2.841796875
10.080004	2.8466796875
10.089996	2.8564453125
10.099996	2.841796875
10.110004	2.822265625
10.120004	2.8125
10.130004	2.822265625
10.139996	2.8369140625
10.150004	2.8515625
10.160004	2.8564453125
10.170004	2.841796875
10.179996	2.8271484375
10.189996	2.8076171875
10.199996	2.822265625
10.209996	2.8369140625
10.219996	2.8564453125
10.23	2.8515625
10.239996	2.83203125
10.249996	2.8271484375
10.259996	2.8125
10.269996	2.822265625
10.279996	2.8369140625
10.289996	2.8564453125
10.300004	2.8515625
10.309996	2.841796875
10.319996	2.822265625
10.330004	2.8076171875
10.340004	2.8173828125
10.349996	2.8369140625
10.359996	2.8564453125
10.370004	2.8515625
10.380004	2.841796875
10.389996	2.8173828125
10.4	2.8125
10.410004	2.822265625
10.420004	2.8369140625
10.430004	2.8466796875
10.439996	2.841796875
10.450004	2.8369140625
10.460004	2.8125
10.470004	2.8125
10.479996	2.8271484375
10.489996	2.8466796875
10.499996	2.8515625
10.509996	2.8515625
10.52	2.8369140625
10.53	2.8173828125
10.539996	2.8173828125
10.549996	2.822265625
10.559996	2.8466796875
10.57	2.8515625
10.579996	2.8466796875
10.589996	2.8369140625
10.599996	2.822265625
10.609996	2.8271484375
10.619996	2.822265625
10.629996	2.8466796875
10.640004	2.8564453125
10.649996	2.8515625
10.659996	2.8369140625
10.670004	2.822265625
10.680004	2.8173828125
10.689996	2.83203125
10.7	2.8466796875
10.709996	2.8515625
10.720004	2.8515625
10.729996	2.8271484375
10.739996	2.822265625
10.750004	2.8173828125
10.760004	2.8271484375
10.770004	2.8515625
10.779996	2.8515625
10.790004	2.8466796875
10.800004	2.8369140625
10.810004	2.8125
10.819996	2.8173828125
10.829996	2.8369140625
10.839996	2.841796875
10.849996	2.8564453125
10.859996	2.841796875
10.87	2.83203125
10.879996	2.8125
10.889996	2.8125
10.899996	2.8369140625
10.909996	2.8466796875
10.919996	2.8515625
10.929996	2.8466796875
10.940004	2.8369140625
10.949996	2.8173828125
10.959996	2.8173828125
10.970004	2.83203125
10.980004	2.8466796875
10.989996	2.8466796875
10.999996	2.8466796875
11.010004	2.8369140625
11.020004	2.8173828125
11.029996	2.8125
11.04	2.8369140625
11.050004	2.8515625
11.060004	2.8515625
11.070004	2.8466796875
11.079996	2.8369140625
11.090004	2.8173828125
11.100004	2.8173828125
11.110004	2.8271484375
11.119996	2.8515625
11.129996	2.8466796875
11.139996	2.841796875
11.149996	2.83203125
11.16	2.8173828125
11.17	2.8271484375
11.179996	2.8271484375
11.189996	2.841796875
11.199996	2.8466796875
11.21	2.8466796875
11.219996	2.83203125
11.229996	2.8173828125
11.239996	2.8271484375
11.249996	2.83203125
11.259996	2.8515625
11.269996	2.8515625
11.280004	2.841796875
11.289996	2.822265625
11.299996	2.8271484375
11.310004	2.822265625
11.320004	2.8369140625
11.329996	2.841796875
11.34	2.841796875
11.349996	2.8466796875
11.360004	2.822265625
11.369996	2.822265625
11.379996	2.822265625
11.390004	2.8369140625
11.400004	2.841796875
11.410004	2.8466796875
11.419996	2.841796875
11.430004	2.8271484375
11.440004	2.8173828125
11.450004	2.8271484375
11.459996	2.841796875
11.469996	2.8466796875
11.479996	2.8515625
11.489996	2.83203125
11.499996	2.8271484375
11.51	2.8125
11.519996	2.8271484375
11.529996	2.83203125
11.539996	2.8466796875
11.549996	2.8515625
11.559996	2.8369140625
11.569996	2.822265625
11.580004	2.8173828125
11.589996	2.822265625
11.599996	2.8369140625
11.610004	2.841796875
11.620004	2.8515625
11.629996	2.8369140625
11.639996	2.822265625
11.650004	2.8076171875
11.660004	2.8271484375
11.669996	2.83203125
11.68	2.8466796875
11.690004	2.841796875
11.700004	2.8369140625
11.710004	2.822265625
11.719996	2.822265625
11.730004	2.8271484375
11.740004	2.8369140625
11.750004	2.8515625
11.759996	2.8515625
11.769996	2.8369140625
11.779996	2.8271484375
11.789996	2.8173828125
11.8	2.8271484375
11.81	2.8369140625
11.819996	2.841796875
11.829996	2.841796875
11.839996	2.8271484375
11.85	2.822265625
11.859996	2.822265625
11.869996	2.8369140625
11.879996	2.841796875
11.889996	2.8466796875
11.899996	2.841796875
11.909996	2.83203125
11.920004	2.822265625
11.929996	2.822265625
11.939996	2.8271484375
11.950004	2.8466796875
11.960004	2.8515625
11.969996	2.841796875
11.98	2.8369140625
11.989996	2.822265625
12.000004	2.822265625
12.009996	2.8271484375
12.019996	2.8466796875
12.030004	2.841796875
12.040004	2.8515625
12.050004	2.83203125
12.059996	2.8125
12.070004	2.8271484375
12.080004	2.8369140625
12.090004	2.841796875
12.099996	2.8466796875
12.109996	2.841796875
12.119996	2.8271484375
12.129996	2.8173828125
12.139996	2.8271484375
12.15	2.83203125
12.159996	2.8515625
12.169996	2.841796875
12.179996	2.8466796875
12.189996	2.8271484375
12.199996	2.8173828125
12.209996	2.8173828125
12.220004	2.83203125
12.229996	2.8515625
12.239996	2.8466796875
12.250004	2.8466796875
12.260004	2.8271484375
12.269996	2.822265625
12.279996	2.822265625
12.290004	2.83203125
12.300004	2.8466796875
12.309996	2.8515625
12.32	2.8466796875
12.330004	2.8271484375
12.340004	2.822265625
12.350004	2.8173828125
12.359996	2.83203125
12.370004	2.8466796875
12.380004	2.8515625
12.390004	2.8369140625
12.399996	2.8369140625
12.409996	2.822265625
12.419996	2.8173828125
12.429996	2.83203125
12.44	2.8515625
12.45	2.8466796875
12.459996	2.8369140625
12.469996	2.822265625
12.479996	2.822265625
12.49	2.8271484375
12.499996	2.8369140625
12.509996	2.8466796875
12.519996	2.8466796875
12.529996	2.8369140625
12.539996	2.822265625
12.549996	2.8173828125
12.560004	2.822265625
12.569996	2.83203125
12.579996	2.8466796875
12.590004	2.8515625
12.600004	2.8369140625
12.609996	2.83203125
12.62	2.8173828125
12.629996	2.8173828125
12.640004	2.8369140625
12.649996	2.8466796875
12.659996	2.8466796875
12.670004	2.83203125
12.680004	2.822265625
12.690004	2.8173828125
12.699996	2.822265625
12.710004	2.841796875
12.720004	2.8466796875
12.730004	2.841796875
12.739996	2.8369140625
12.749996	2.822265625
12.759996	2.8125
12.769996	2.8271484375
12.779996	2.8369140625
12.79	2.8515625
12.799996	2.8515625
12.809996	2.8369140625
12.819996	2.8271484375
12.829996	2.822265625
12.839996	2.8271484375
12.849996	2.83203125
12.860004	2.8466796875
12.869996	2.8466796875
12.879996	2.8369140625
12.890004	2.822265625
12.900004	2.8173828125
12.909996	2.8271484375
12.919996	2.841796875
12.930004	2.8466796875
12.940004	2.8466796875
12.949996	2.8369140625
12.96	2.8271484375
12.970004	2.8125
12.980004	2.8173828125
12.990004	2.841796875
12.999996	2.841796875
13.010004	2.8515625
13.020004	2.841796875
13.030004	2.8271484375
13.039996	2.8271484375
13.049996	2.83203125
13.059996	2.8369140625
13.069996	2.8466796875
13.08	2.8466796875
13.09	2.8369140625
13.099996	2.83203125
13.109996	2.822265625
13.119996	2.8271484375
13.13	2.841796875
13.139996	2.8466796875
13.149996	2.8466796875
13.159996	2.83203125
13.169996	2.8271484375
13.179996	2.8173828125
13.189996	2.8369140625
13.200004	2.841796875
13.209996	2.8564453125
13.219996	2.8466796875
13.230004	2.83203125
13.240004	2.822265625
13.249996	2.822265625
13.26	2.83203125
13.269996	2.8369140625
13.280004	2.841796875
13.289996	2.8466796875
13.299996	2.83203125
13.310004	2.8271484375
13.320004	2.822265625
13.330004	2.83203125
13.339996	2.83203125
13.350004	2.8515625
13.360004	2.841796875
13.370004	2.8271484375
13.379996	2.822265625
13.389996	2.8173828125
13.399996	2.8369140625
13.409996	2.8369140625
13.419996	2.8466796875
13.43	2.8369140625
13.439996	2.8369140625
13.449996	2.822265625
13.459996	2.8173828125
13.469996	2.8369140625
13.479996	2.8466796875
13.489996	2.841796875
13.500004	2.8369140625
13.509996	2.83203125
13.519996	2.8173828125
13.530004	2.83203125
13.540004	2.8271484375
13.549996	2.841796875
13.559996	2.841796875
13.570004	2.841796875
13.580004	2.8369140625
13.589996	2.822265625
13.6	2.8271484375
13.610004	2.83203125
13.620004	2.8466796875
13.630004	2.8369140625
13.639996	2.8466796875
13.650004	2.83203125
13.660004	2.8271484375
13.670004	2.8271484375
13.679996	2.8271484375
13.689996	2.8466796875
13.699996	2.841796875
13.709996	2.8369140625
13.72	2.8271484375
13.73	2.8173828125
13.739996	2.8271484375
13.749996	2.83203125
13.759996	2.841796875
13.77	2.8466796875
13.779996	2.8369140625
13.789996	2.8271484375
13.799996	2.8271484375
13.809996	2.83203125
13.819996	2.83203125
13.829996	2.841796875
13.840004	2.8515625
13.849996	2.83203125
13.859996	2.8271484375
13.870004	2.822265625
13.880004	2.8271484375
13.889996	2.8369140625
13.9	2.841796875
13.909996	2.8515625
13.920004	2.8466796875
13.929996	2.8271484375
13.939996	2.822265625
13.950004	2.8271484375
13.960004	2.841796875
13.970004	2.8466796875
13.979996	2.8515625
13.990004	2.83203125
14.000004	2.8369140625
14.010004	2.8173828125
14.019996	2.8271484375
14.029996	2.841796875
14.039996	2.8466796875
14.049996	2.8466796875
14.059996	2.83203125
14.07	2.822265625
14.079996	2.822265625
14.089996	2.8271484375
14.099996	2.841796875
14.109996	2.8466796875
14.119996	2.8515625
14.129996	2.8369140625
14.140004	2.83203125
14.149996	2.8271484375
14.159996	2.8271484375
14.170004	2.83203125
14.180004	2.8515625
14.189996	2.8466796875
14.199996	2.841796875
14.210004	2.83203125
14.220004	2.8173828125
14.229996	2.841796875
14.24	2.83203125
14.250004	2.8515625
14.260004	2.8369140625
14.270004	2.8369140625
14.279996	2.8271484375
14.290004	2.822265625
14.300004	2.8271484375
14.310004	2.83203125
14.319996	2.8515625
14.329996	2.841796875
14.339996	2.841796875
14.349996	2.822265625
14.36	2.822265625
14.37	2.822265625
14.379996	2.8369140625
14.389996	2.8466796875
14.399996	2.841796875
14.41	2.83203125
14.419996	2.8173828125
14.429996	2.822265625
14.439996	2.8271484375
14.449996	2.8369140625
14.459996	2.8466796875
14.469996	2.8515625
14.480004	2.83203125
14.489996	2.83203125
14.499996	2.822265625
14.510004	2.83203125
14.520004	2.841796875
14.529996	2.8466796875
14.54	2.8466796875
14.549996	2.83203125
14.560004	2.8271484375
14.569996	2.8271484375
14.579996	2.8369140625
14.590004	2.841796875
14.600004	2.8466796875
14.610004	2.841796875
14.619996	2.8369140625
14.630004	2.8271484375
14.640004	2.83203125
14.650004	2.8271484375
14.659996	2.83203125
14.669996	2.8466796875
14.679996	2.841796875
14.689996	2.8271484375
14.699996	2.822265625
14.71	2.822265625
14.719996	2.8369140625
14.729996	2.841796875
14.739996	2.8515625
14.749996	2.8466796875
14.759996	2.8271484375
14.769996	2.822265625
14.780004	2.822265625
14.789996	2.8271484375
14.799996	2.83203125
14.810004	2.8515625
14.820004	2.841796875
14.829996	2.8271484375
14.839996	2.8271484375
14.850004	2.8271484375
14.860004	2.8271484375
14.869996	2.841796875
14.88	2.8515625
14.890004	2.8369140625
14.900004	2.8369140625
14.910004	2.83203125
14.919996	2.83203125
14.930004	2.83203125
14.940004	2.8369140625
14.950004	2.8466796875
14.959996	2.83203125
14.969996	2.83203125
14.979996	2.822265625
14.989996	2.83203125
15.0	2.83203125
15.01	2.8466796875
15.019996	2.841796875
15.029996	2.8369140625
15.039996	2.83203125
15.05	2.822265625
15.059996	2.8271484375
15.069996	2.8271484375
15.079996	2.841796875
15.089996	2.8466796875
15.099996	2.8369140625
15.109996	2.8369140625
15.120004	2.8271484375
15.129996	2.822265625
15.139996	2.8369140625
15.150004	2.8466796875
15.160004	2.841796875
15.169996	2.8369140625
15.18	2.8369140625
15.189996	2.8271484375
15.200004	2.83203125
15.209996	2.8369140625
15.219996	2.841796875
15.230004	2.841796875
15.240004	2.841796875
15.250004	2.8369140625
15.259996	2.822265625
15.270004	2.83203125
15.280004	2.8369140625
15.290004	2.8466796875
15.299996	2.8466796875
15.309996	2.8369140625
15.319996	2.822265625
15.329996	2.822265625
15.339996	2.8271484375
15.35	2.8369140625
15.359996	2.8369140625
15.369996	2.841796875
15.379996	2.83203125
15.389996	2.8271484375
15.399996	2.83203125
15.409996	2.8271484375
15.420004	2.83203125
15.429996	2.841796875
15.439996	2.8466796875
15.450004	2.841796875
15.460004	2.8369140625
15.469996	2.8271484375
15.479996	2.83203125
15.490004	2.841796875
15.500004	2.841796875
15.509996	2.8466796875
15.52	2.8369140625
15.530004	2.8369140625
15.540004	2.8271484375
15.550004	2.83203125
15.559996	2.83203125
15.570004	2.8466796875
15.580004	2.841796875
15.590004	2.841796875
15.599996	2.8369140625
15.609996	2.822265625
15.619996	2.83203125
15.629996	2.83203125
15.64	2.8466796875
15.65	2.8515625
15.659996	2.8369140625
15.669996	2.822265625
15.679996	2.8271484375
15.69	2.83203125
15.699996	2.8369140625
15.709996	2.8369140625
15.719996	2.841796875
15.729996	2.8369140625
15.739996	2.83203125
15.749996	2.8271484375
