Channel Accuracy: 10 Bits
Measurement Range 0...5V --> Resolution: 5V/2^10 = 4.9mV
Measured Single Channel at a Frequency of 100 Hz
Time (s)	Voltage (V)
0	1.8994140625
0.009996	1.89453125
0.02	1.89453125
0.030004	1.904296875
0.039996	1.8994140625
0.05	1.8994140625
0.06	1.8994140625
0.070004	1.89453125
0.08	1.8994140625
0.09	1.904296875
0.1	1.8994140625
0.110004	1.89453125
0.12	1.89453125
0.13	1.8994140625
0.14	1.89453125
0.149996	1.89453125
0.160004	1.89453125
0.17	1.89453125
0.18	1.89453125
0.189996	1.884765625
0.200004	1.8896484375
0.21	1.8896484375
0.219996	1.89453125
0.23	1.8896484375
0.24	1.8896484375
0.250004	1.8798828125
0.259996	1.884765625
0.27	1.8896484375
0.28	1.884765625
0.29	1.89453125
0.3	1.884765625
0.309996	1.884765625
0.32	1.884765625
0.330004	1.884765625
0.339996	1.884765625
0.35	1.884765625
0.36	1.884765625
0.370004	1.884765625
0.38	1.884765625
0.39	1.884765625
0.4	1.884765625
0.410004	1.875
0.42	1.8798828125
0.43	1.884765625
0.44	1.8798828125
0.45	1.884765625
0.46	1.8798828125
0.47	1.884765625
0.48	1.8798828125
0.49	1.884765625
0.5	1.875
0.51	1.875
0.52	1.875
0.529996	1.865234375
0.540004	1.8603515625
0.550004	1.85546875
0.559996	1.845703125
0.57	1.8505859375
0.58	1.953125
0.590004	2.1923828125
0.599996	2.529296875
0.61	2.890625
0.620008	3.251953125
0.63	3.525390625
0.64	3.6279296875
0.649996	3.583984375
0.66	3.369140625
0.670004	3.06640625
0.679996	2.7197265625
0.69	2.3681640625
0.7	2.0947265625
0.710004	1.962890625
0.72	1.9873046875
0.73	2.158203125
0.74	2.4560546875
0.750004	2.8173828125
0.76	3.1396484375
0.77	3.4130859375
0.78	3.5595703125
0.79	3.5546875
0.800004	3.4228515625
0.81	3.125
0.82	2.802734375
0.83	2.4755859375
0.84	2.1875
0.849996	2.0361328125
0.86	2.01171875
0.869996	2.158203125
0.880004	2.412109375
0.890004	2.7294921875
0.9	3.037109375
0.909996	3.330078125
0.920004	3.49609375
0.93	3.5205078125
0.939996	3.4033203125
0.95	3.1640625
0.96	2.87109375
0.970004	2.55859375
0.979996	2.294921875
0.99	2.1142578125
1.0	2.0654296875
1.010004	2.1533203125
1.02	2.3583984375
1.03	2.6513671875
1.04	2.94921875
1.050004	3.2177734375
1.06	3.41796875
1.07	3.4912109375
1.08	3.4033203125
1.09	3.1982421875
1.1	2.939453125
1.11	2.6708984375
1.12	2.3876953125
1.13	2.177734375
1.14	2.1044921875
1.15	2.1533203125
1.16	2.3291015625
1.169996	2.587890625
1.180004	2.8662109375
1.190004	3.1396484375
1.199996	3.349609375
1.21	3.427734375
1.22	3.3984375
1.230004	3.232421875
1.239996	2.9931640625
1.25	2.7392578125
1.260008	2.4560546875
1.27	2.255859375
1.28	2.1533203125
1.289996	2.1630859375
1.3	2.3046875
1.310004	2.529296875
1.319996	2.7978515625
1.33	3.046875
1.34	3.2666015625
1.350004	3.3935546875
1.36	3.3935546875
1.37	3.2568359375
1.38	3.0517578125
1.390004	2.8076171875
1.4	2.5537109375
1.41	2.3291015625
1.42	2.1923828125
1.43	2.1826171875
1.440004	2.28515625
1.45	2.470703125
1.46	2.7294921875
1.47	2.96875
1.48	3.1689453125
1.489996	3.3447265625
1.5	3.3740234375
1.509996	3.2861328125
1.520004	3.10546875
1.530004	2.8759765625
1.54	2.6220703125
1.549996	2.4169921875
1.560004	2.2607421875
1.57	2.197265625
1.579996	2.2705078125
1.59	2.44140625
1.6	2.6708984375
1.610004	2.900390625
1.619996	3.115234375
1.63	3.28125
1.64	3.3544921875
1.650004	3.2861328125
1.66	3.134765625
1.67	2.91015625
1.68	2.7099609375
1.690004	2.470703125
1.7	2.3095703125
1.71	2.236328125
1.72	2.275390625
1.73	2.40234375
1.74	2.6025390625
1.75	2.83203125
1.76	3.0517578125
1.77	3.2080078125
1.78	3.310546875
1.79	3.30078125
1.8	3.1640625
1.809996	2.98828125
1.820004	2.763671875
1.830004	2.548828125
1.839996	2.373046875
1.85	2.2802734375
1.86	2.2802734375
1.870004	2.3779296875
1.879996	2.55859375
1.89	2.7734375
1.900008	2.978515625
1.91	3.154296875
1.92	3.26171875
1.929996	3.2763671875
1.94	3.1787109375
1.950004	3.0322265625
1.959996	2.8271484375
1.97	2.6123046875
1.98	2.4267578125
1.990004	2.3095703125
2.0	2.294921875
2.01	2.3583984375
2.02	2.51953125
2.030004	2.7197265625
2.04	2.9150390625
2.05	3.1005859375
2.06	3.22265625
2.07	3.251953125
2.080004	3.1982421875
2.09	3.06640625
2.1	2.8662109375
2.11	2.685546875
2.12	2.490234375
2.129996	2.3583984375
2.14	2.3046875
2.149996	2.353515625
2.160004	2.470703125
2.170004	2.666015625
2.18	2.861328125
2.189996	3.037109375
2.200004	3.1689453125
2.21	3.2275390625
2.219996	3.212890625
2.23	3.1005859375
2.24	2.919921875
2.250004	2.734375
2.259996	2.5537109375
2.27	2.412109375
2.28	2.3291015625
2.290004	2.353515625
2.3	2.4462890625
2.31	2.6123046875
2.32	2.802734375
2.330004	2.98828125
2.34	3.1298828125
2.35	3.1982421875
2.36	3.1982421875
2.37	3.125
2.38	2.978515625
2.39	2.7978515625
2.4	2.6171875
2.41	2.4560546875
2.42	2.373046875
2.43	2.3583984375
2.44	2.4267578125
2.449996	2.568359375
2.460004	2.744140625
2.470004	2.9150390625
2.479996	3.076171875
2.49	3.1640625
2.5	3.1884765625
2.510004	3.1396484375
2.519996	3.017578125
2.53	2.8466796875
2.540008	2.6904296875
2.55	2.509765625
2.56	2.4072265625
2.569996	2.373046875
2.58	2.421875
2.590004	2.529296875
2.599996	2.705078125
2.61	2.8662109375
2.62	3.0224609375
2.630004	3.1396484375
2.64	3.1689453125
2.65	3.14453125
2.66	3.046875
2.670004	2.880859375
2.68	2.7294921875
2.69	2.568359375
2.7	2.44140625
2.71	2.392578125
2.720004	2.412109375
2.73	2.5048828125
2.74	2.65625
2.75	2.8125
2.76	2.9736328125
2.769996	3.1005859375
2.78	3.1494140625
2.789996	3.1396484375
2.800004	3.06640625
2.810004	2.9248046875
2.82	2.7783203125
2.829996	2.626953125
2.840004	2.48046875
2.85	2.412109375
2.859996	2.4169921875
2.87	2.4853515625
2.88	2.6220703125
2.890004	2.7685546875
2.899996	2.919921875
2.91	3.0517578125
2.92	3.1396484375
2.930004	3.1396484375
2.94	3.0859375
2.95	2.958984375
2.96	2.8173828125
2.970004	2.6806640625
2.98	2.529296875
2.99	2.44140625
3.0	2.421875
3.01	2.470703125
3.02	2.5830078125
3.03	2.7392578125
3.04	2.87109375
3.05	3.0126953125
3.06	3.10546875
3.07	3.134765625
3.08	3.0908203125
3.089996	3.0029296875
3.100004	2.8564453125
3.110004	2.71484375
3.119996	2.578125
3.13	2.470703125
3.14	2.4267578125
3.150004	2.4609375
3.159996	2.5537109375
3.17	2.6904296875
3.180008	2.8271484375
3.19	2.96875
3.2	3.0712890625
3.209996	3.1201171875
3.22	3.1005859375
3.230004	3.02734375
3.239996	2.8955078125
3.25	2.75390625
3.26	2.626953125
3.270004	2.5048828125
3.28	2.451171875
3.29	2.4609375
3.3	2.529296875
3.310004	2.65625
3.32	2.7978515625
3.33	2.9150390625
3.34	3.0322265625
3.35	3.095703125
3.360004	3.095703125
3.37	3.0419921875
3.38	2.919921875
3.39	2.7978515625
3.4	2.6611328125
3.409996	2.548828125
3.42	2.4755859375
3.429996	2.4560546875
3.440004	2.5146484375
3.450004	2.626953125
3.46	2.75390625
3.469996	2.880859375
3.480004	3.0029296875
3.49	3.076171875
3.499996	3.095703125
3.51	3.056640625
3.52	2.9541015625
3.530004	2.841796875
3.539996	2.7099609375
3.55	2.587890625
3.56	2.4951171875
3.570004	2.470703125
3.58	2.5
3.59	2.59765625
3.6	2.724609375
3.610004	2.8369140625
3.62	2.9638671875
3.63	3.0419921875
3.64	3.0810546875
3.65	3.0517578125
3.66	2.9833984375
3.67	2.861328125
3.68	2.744140625
3.69	2.626953125
3.7	2.529296875
3.71	2.4755859375
3.72	2.4951171875
3.729996	2.568359375
3.740004	2.685546875
3.750004	2.8173828125
3.759996	2.9150390625
3.77	3.0224609375
3.78	3.06640625
3.790004	3.0615234375
3.799996	2.998046875
3.81	2.890625
3.820008	2.7783203125
3.83	2.6611328125
3.84	2.5537109375
3.849996	2.4951171875
3.86	2.490234375
3.870004	2.55859375
3.879996	2.646484375
3.89	2.7783203125
3.9	2.880859375
3.910004	2.9931640625
3.92	3.0517578125
3.93	3.06640625
3.94	3.017578125
3.950004	2.9248046875
3.96	2.7978515625
3.97	2.6904296875
3.98	2.5830078125
3.99	2.51953125
4.000004	2.4951171875
4.01	2.5439453125
4.02	2.6318359375
4.03	2.744140625
4.04	2.8564453125
4.049996	2.9541015625
4.06	3.0224609375
4.069996	3.0517578125
4.080004	3.0224609375
4.090004	2.9443359375
4.1	2.8466796875
4.109996	2.724609375
4.120004	2.626953125
4.13	2.5390625
4.139996	2.51953125
4.15	2.529296875
4.16	2.607421875
4.170004	2.71484375
4.179996	2.8271484375
4.19	2.919921875
4.2	3.0126953125
4.210004	3.0419921875
4.22	3.0322265625
4.23	2.96875
4.24	2.8662109375
4.250004	2.7587890625
4.26	2.6513671875
4.27	2.5634765625
4.28	2.51953125
4.29	2.5390625
4.3	2.578125
4.31	2.685546875
4.32	2.7978515625
4.33	2.890625
4.34	2.98828125
4.35	3.0224609375
4.36	3.0224609375
4.369996	2.98828125
4.380004	2.8857421875
4.390004	2.7978515625
4.399996	2.6953125
4.41	2.59765625
4.42	2.5390625
4.430004	2.529296875
4.439996	2.568359375
4.45	2.65625
4.460008	2.75390625
4.47	2.8662109375
4.48	2.958984375
4.489996	3.017578125
4.5	3.0224609375
4.510004	2.9931640625
4.519996	2.91015625
4.53	2.8271484375
4.54	2.7197265625
4.550004	2.6220703125
4.56	2.5537109375
4.57	2.5439453125
4.58	2.568359375
4.590004	2.6416015625
4.6	2.7294921875
4.61	2.8369140625
4.62	2.9248046875
4.63	2.998046875
4.640004	3.017578125
4.65	2.998046875
4.66	2.9345703125
4.67	2.841796875
4.68	2.7490234375
4.689996	2.646484375
4.7	2.578125
4.709996	2.5439453125
4.720004	2.55859375
4.730004	2.6220703125
4.74	2.7197265625
4.749996	2.8125
4.760004	2.8955078125
4.77	2.9736328125
4.779996	3.017578125
4.79	3.0126953125
4.8	2.94921875
4.810004	2.8759765625
4.819996	2.783203125
4.83	2.6904296875
4.84	2.59765625
4.850004	2.5537109375
4.86	2.5537109375
4.87	2.6025390625
4.88	2.685546875
4.890004	2.7783203125
4.9	2.87109375
4.91	2.94921875
4.92	2.998046875
4.93	3.0029296875
4.94	2.96875
4.95	2.8857421875
4.96	2.79296875
4.97	2.7197265625
4.98	2.626953125
4.99	2.5732421875
5.0	2.55859375
5.009996	2.59765625
5.020004	2.6611328125
5.030004	2.7490234375
5.039996	2.8466796875
5.05	2.9296875
5.06	2.98828125
5.070004	3.0029296875
5.079996	2.9736328125
5.09	2.9052734375
5.100008	2.822265625
5.11	2.744140625
5.12	2.6513671875
5.129996	2.5927734375
5.14	2.5634765625
5.150004	2.5830078125
5.159996	2.646484375
5.17	2.734375
5.18	2.8173828125
5.190004	2.900390625
5.2	2.9638671875
5.21	3.0029296875
5.22	2.98828125
5.230004	2.9248046875
5.24	2.8466796875
5.25	2.75390625
5.26	2.6806640625
5.27	2.6123046875
5.280004	2.568359375
5.29	2.587890625
5.3	2.6318359375
5.31	2.7197265625
5.32	2.7978515625
5.329996	2.8759765625
5.34	2.9345703125
5.349996	2.98828125
5.360004	2.9833984375
5.370004	2.939453125
5.38	2.8759765625
5.389996	2.7978515625
5.400004	2.7099609375
5.41	2.6318359375
5.419996	2.587890625
5.43	2.578125
5.44	2.6220703125
5.450004	2.685546875
5.459996	2.7734375
5.47	2.861328125
5.48	2.919921875
5.490004	2.96875
5.5	2.978515625
5.51	2.94921875
5.52	2.8857421875
5.530004	2.8125
5.54	2.724609375
5.55	2.65625
5.56	2.607421875
5.57	2.587890625
5.58	2.6123046875
5.59	2.6708984375
5.6	2.7490234375
5.61	2.8271484375
5.62	2.890625
5.63	2.9541015625
5.64	2.96875
5.649996	2.958984375
5.660004	2.9052734375
5.670004	2.841796875
5.679996	2.7490234375
5.69	2.685546875
5.7	2.6123046875
5.710004	2.59765625
5.719996	2.6025390625
5.73	2.6513671875
5.740008	2.734375
5.75	2.8125
5.76	2.880859375
5.769996	2.9296875
5.78	2.9736328125
5.790004	2.958984375
5.799996	2.91015625
5.81	2.8564453125
5.82	2.7734375
5.830004	2.7099609375
5.84	2.63671875
5.85	2.6025390625
5.86	2.6025390625
5.870004	2.6416015625
5.88	2.71484375
5.89	2.783203125
5.9	2.8515625
5.91	2.919921875
5.920004	2.9638671875
5.93	2.958984375
5.94	2.9248046875
5.95	2.8662109375
5.96	2.802734375
5.969996	2.724609375
5.98	2.6611328125
5.989996	2.607421875
6.000004	2.607421875
6.010004	2.63671875
6.02	2.6904296875
6.029996	2.7685546875
6.040004	2.841796875
6.05	2.900390625
6.059996	2.9443359375
6.07	2.958984375
6.08	2.9345703125
6.090004	2.8857421875
6.099996	2.8076171875
6.11	2.744140625
6.12	2.6708984375
6.130004	2.6220703125
6.14	2.6123046875
6.15	2.6220703125
6.16	2.67578125
6.170004	2.744140625
6.18	2.822265625
6.19	2.8857421875
6.2	2.9296875
6.21	2.9541015625
6.22	2.9345703125
6.23	2.890625
6.24	2.8369140625
6.25	2.763671875
6.26	2.705078125
6.27	2.63671875
6.28	2.6123046875
6.289996	2.6220703125
6.300004	2.666015625
6.310004	2.7294921875
6.319996	2.7978515625
6.33	2.87109375
6.34	2.9150390625
6.350004	2.939453125
6.359996	2.939453125
6.37	2.8955078125
6.380008	2.8564453125
6.39	2.7880859375
6.4	2.724609375
6.409996	2.65625
6.42	2.626953125
6.430004	2.6220703125
6.439996	2.6513671875
6.45	2.7197265625
6.46	2.783203125
6.470004	2.8515625
6.48	2.9052734375
6.49	2.9296875
6.5	2.939453125
6.510004	2.9052734375
6.52	2.87109375
6.53	2.802734375
6.54	2.734375
6.55	2.6806640625
6.560004	2.63671875
6.57	2.6220703125
6.58	2.646484375
6.59	2.7001953125
6.6	2.75390625
6.609996	2.83203125
6.62	2.880859375
6.629996	2.919921875
6.640004	2.9345703125
6.650004	2.919921875
6.66	2.880859375
6.669996	2.8173828125
6.680004	2.75390625
6.69	2.6953125
6.699996	2.646484375
6.71	2.6220703125
6.72	2.646484375
6.730004	2.6806640625
6.739996	2.7392578125
6.75	2.8125
6.76	2.8662109375
6.770004	2.91015625
6.78	2.9296875
6.79	2.9248046875
6.8	2.8857421875
6.810004	2.841796875
6.82	2.7783203125
6.83	2.7099609375
6.84	2.65625
6.85	2.626953125
6.86	2.646484375
6.87	2.666015625
6.88	2.7294921875
6.89	2.7880859375
6.9	2.8466796875
6.91	2.900390625
6.92	2.9345703125
6.929996	2.9296875
6.940004	2.8955078125
6.950004	2.8466796875
6.959996	2.79296875
6.97	2.724609375
6.98	2.6806640625
6.990004	2.63671875
6.999996	2.6416015625
7.01	2.6611328125
7.020008	2.7197265625
7.03	2.7783203125
7.04	2.83203125
7.049996	2.8857421875
7.06	2.9248046875
7.070004	2.9248046875
7.079996	2.9052734375
7.09	2.87109375
7.1	2.8076171875
7.110004	2.734375
7.12	2.685546875
7.13	2.6513671875
7.14	2.6318359375
7.150004	2.65625
7.16	2.7001953125
7.17	2.7587890625
7.18	2.822265625
7.19	2.87109375
7.200004	2.9052734375
7.21	2.919921875
7.22	2.91015625
7.23	2.87109375
7.24	2.8271484375
7.249996	2.7587890625
7.26	2.7099609375
7.269996	2.6611328125
7.280004	2.63671875
7.290004	2.65625
7.3	2.6904296875
7.309996	2.744140625
7.320004	2.802734375
7.33	2.861328125
7.339996	2.890625
7.35	2.91015625
7.36	2.91015625
7.370004	2.8857421875
7.379996	2.841796875
7.39	2.7783203125
7.4	2.7294921875
7.410004	2.67578125
7.42	2.6513671875
7.43	2.6416015625
7.44	2.67578125
7.450004	2.734375
7.46	2.7880859375
7.47	2.8466796875
7.48	2.880859375
7.49	2.91015625
7.5	2.91015625
7.51	2.8857421875
7.52	2.841796875
7.53	2.802734375
7.54	2.7294921875
7.55	2.6953125
7.56	2.6513671875
7.569996	2.646484375
7.580004	2.6806640625
7.590004	2.7197265625
7.599996	2.7734375
7.61	2.8271484375
7.62	2.8759765625
7.630004	2.9052734375
7.639996	2.9150390625
7.65	2.8955078125
7.660008	2.8515625
7.67	2.8125
7.68	2.7490234375
7.689996	2.7099609375
7.7	2.666015625
7.710004	2.646484375
7.719996	2.666015625
7.73	2.7099609375
7.74	2.7490234375
7.750004	2.8125
7.76	2.8662109375
7.77	2.890625
7.78	2.9052734375
7.790004	2.8955078125
7.8	2.8759765625
7.81	2.8271484375
7.82	2.7587890625
7.83	2.7197265625
7.840004	2.6708984375
7.85	2.65625
7.86	2.6611328125
7.87	2.7001953125
7.88	2.7392578125
7.889996	2.7978515625
7.9	2.8466796875
7.909996	2.8857421875
7.920004	2.91015625
7.930004	2.9052734375
7.94	2.880859375
7.949996	2.83203125
7.960004	2.7880859375
7.97	2.724609375
7.979996	2.6904296875
7.99	2.6611328125
8.0	2.65625
8.010004	2.685546875
8.019996	2.724609375
8.03	2.7880859375
8.04	2.83203125
8.050004	2.8759765625
8.06	2.8955078125
8.07	2.9052734375
8.08	2.8857421875
8.090004	2.841796875
8.1	2.802734375
8.11	2.7392578125
8.12	2.7001953125
8.13	2.666015625
8.14	2.666015625
8.15	2.67578125
8.16	2.724609375
8.17	2.7685546875
8.18	2.8173828125
8.19	2.87109375
8.2	2.890625
8.209996	2.900390625
8.220004	2.8857421875
8.230004	2.8564453125
8.239996	2.8076171875
8.25	2.75390625
8.26	2.71484375
8.270004	2.67578125
8.279996	2.666015625
8.29	2.6708984375
8.300008	2.71484375
8.31	2.7490234375
8.32	2.8076171875
8.329996	2.8515625
8.34	2.8857421875
8.350004	2.900390625
8.359996	2.890625
8.37	2.87109375
8.38	2.822265625
8.390004	2.7734375
8.4	2.724609375
8.41	2.685546875
8.42	2.666015625
8.430004	2.67578125
8.44	2.71484375
8.45	2.7392578125
8.46	2.7978515625
8.47	2.841796875
8.480004	2.880859375
8.49	2.8955078125
8.5	2.890625
8.51	2.8662109375
8.52	2.83203125
8.529996	2.7880859375
8.54	2.734375
8.549996	2.705078125
8.560004	2.6708984375
8.570004	2.67578125
8.58	2.7001953125
8.589996	2.7392578125
8.600004	2.7880859375
8.61	2.83203125
8.619996	2.8662109375
8.63	2.890625
8.64	2.890625
8.650004	2.8759765625
8.659996	2.8515625
8.67	2.7978515625
8.68	2.7490234375
8.690004	2.71484375
8.7	2.685546875
8.71	2.6708984375
8.72	2.6806640625
8.730004	2.724609375
8.74	2.763671875
8.75	2.822265625
8.76	2.8564453125
8.77	2.880859375
8.78	2.8857421875
8.79	2.8857421875
8.8	2.8515625
8.81	2.8076171875
8.82	2.763671875
8.83	2.7197265625
8.84	2.6904296875
8.849996	2.6708984375
8.860004	2.6806640625
8.870004	2.71484375
8.879996	2.7587890625
8.89	2.8076171875
8.9	2.8466796875
8.910004	2.880859375
8.919996	2.880859375
8.93	2.8857421875
8.940008	2.8662109375
8.95	2.8271484375
8.96	2.7783203125
8.969996	2.734375
8.98	2.705078125
8.990004	2.67578125
8.999996	2.67578125
9.01	2.705078125
9.02	2.744140625
9.030004	2.7978515625
9.04	2.83203125
9.05	2.87109375
9.06	2.890625
9.070004	2.8857421875
9.08	2.87109375
9.09	2.8369140625
9.1	2.783203125
9.11	2.744140625
9.120004	2.71484375
9.13	2.685546875
9.14	2.67578125
9.15	2.7099609375
9.16	2.744140625
9.169996	2.7734375
9.18	2.8271484375
9.189996	2.861328125
9.200004	2.880859375
9.210004	2.8857421875
9.22	2.87109375
9.229996	2.8466796875
9.240004	2.7978515625
9.25	2.75390625
9.259996	2.71484375
9.27	2.6904296875
9.28	2.685546875
9.290004	2.7001953125
9.299996	2.724609375
9.31	2.7685546875
9.32	2.8125
9.330004	2.8515625
9.34	2.8759765625
9.35	2.8857421875
9.36	2.8759765625
9.370004	2.8466796875
9.38	2.8076171875
9.39	2.7587890625
9.4	2.724609375
9.41	2.705078125
9.42	2.685546875
9.43	2.6904296875
9.44	2.7197265625
9.45	2.75390625
9.46	2.7978515625
9.47	2.841796875
9.48	2.861328125
9.489996	2.8857421875
9.500004	2.880859375
9.510004	2.861328125
9.519996	2.8173828125
9.53	2.7783203125
9.54	2.734375
9.550004	2.71484375
9.559996	2.6904296875
9.57	2.6953125
9.580008	2.7197265625
9.59	2.744140625
9.6	2.7978515625
9.609996	2.8369140625
9.62	2.8564453125
9.630004	2.8857421875
9.639996	2.8759765625
9.65	2.8662109375
9.66	2.8369140625
9.670004	2.79296875
9.68	2.7392578125
9.69	2.7197265625
9.7	2.6953125
9.710004	2.685546875
9.72	2.71484375
9.73	2.734375
9.74	2.7734375
9.75	2.8125
9.760004	2.8515625
9.77	2.8759765625
9.78	2.880859375
9.79	2.87109375
9.8	2.8369140625
9.809996	2.802734375
9.82	2.75390625
9.829996	2.7197265625
9.840004	2.7001953125
9.850004	2.6953125
9.86	2.705078125
9.869996	2.724609375
9.880004	2.7685546875
9.89	2.802734375
9.899996	2.841796875
9.91	2.87109375
9.92	2.8759765625
9.930004	2.8662109375
9.939996	2.8515625
9.95	2.802734375
9.96	2.7685546875
9.970004	2.724609375
9.98	2.7099609375
9.99	2.6904296875
10.0	2.705078125
10.010004	2.7294921875
10.02	2.75390625
10.03	2.8076171875
10.04	2.83203125
10.05	2.8662109375
10.06	2.8759765625
10.07	2.87109375
10.08	2.861328125
10.09	2.8173828125
10.1	2.783203125
10.11	2.734375
10.12	2.7197265625
10.129996	2.6904296875
10.140004	2.7099609375
10.150004	2.7197265625
10.159996	2.7490234375
10.17	2.7880859375
10.18	2.822265625
10.190004	2.8564453125
10.199996	2.87109375
10.21	2.8759765625
10.220008	2.861328125
10.23	2.83203125
10.24	2.79296875
10.249996	2.7392578125
10.26	2.724609375
10.270004	2.7001953125
10.279996	2.7001953125
10.29	2.71484375
10.3	2.744140625
10.310004	2.7783203125
10.32	2.8173828125
10.33	2.8466796875
10.34	2.861328125
10.350004	2.87109375
10.36	2.8662109375
10.37	2.8369140625
10.38	2.7978515625
10.39	2.763671875
10.400004	2.7294921875
10.41	2.71484375
10.42	2.705078125
10.43	2.7099609375
10.44	2.734375
10.449996	2.763671875
10.46	2.8076171875
10.469996	2.841796875
10.480004	2.8662109375
10.490004	2.87109375
10.5	2.87109375
10.509996	2.8515625
10.520004	2.8125
10.53	2.763671875
10.539996	2.7294921875
10.55	2.71484375
10.56	2.7001953125
10.570004	2.71484375
10.579996	2.724609375
10.59	2.763671875
10.6	2.802734375
10.610004	2.83203125
10.62	2.8515625
10.63	2.87109375
10.64	2.87109375
10.650004	2.8466796875
10.66	2.822265625
10.67	2.7783203125
10.68	2.7392578125
10.69	2.724609375
10.7	2.7099609375
10.71	2.7099609375
10.72	2.724609375
10.73	2.7392578125
10.74	2.7880859375
10.75	2.8173828125
10.76	2.8515625
10.769996	2.87109375
10.780004	2.87109375
10.790004	2.8564453125
10.799996	2.8271484375
10.81	2.79296875
10.82	2.75390625
10.830004	2.7294921875
10.839996	2.7099609375
10.85	2.71484375
10.860008	2.724609375
10.87	2.7392578125
10.88	2.7783203125
10.889996	2.8173828125
10.9	2.8466796875
10.910004	2.8662109375
10.919996	2.8759765625
10.93	2.861328125
10.94	2.83203125
10.950004	2.802734375
10.96	2.7685546875
10.97	2.7294921875
10.98	2.7197265625
10.990004	2.7099609375
11.0	2.7197265625
11.01	2.7392578125
11.02	2.7685546875
11.03	2.8125
11.040004	2.8369140625
11.05	2.861328125
11.06	2.87109375
11.07	2.861328125
11.08	2.83203125
11.089996	2.8125
11.1	2.7734375
11.109996	2.7392578125
11.120004	2.71484375
11.130004	2.705078125
11.14	2.7099609375
11.149996	2.724609375
11.160004	2.763671875
11.17	2.7978515625
11.179996	2.8271484375
11.19	2.8515625
11.2	2.8662109375
11.210004	2.861328125
11.219996	2.8466796875
11.23	2.822265625
11.24	2.7783203125
11.250004	2.7490234375
11.26	2.7197265625
11.27	2.7197265625
11.28	2.7099609375
11.290004	2.734375
11.3	2.7392578125
11.31	2.7880859375
11.32	2.8173828125
11.33	2.8466796875
11.34	2.861328125
11.35	2.861328125
11.36	2.841796875
11.37	2.822265625
11.38	2.79296875
11.39	2.75390625
11.4	2.734375
11.409996	2.7197265625
11.420004	2.71484375
11.430004	2.724609375
11.439996	2.734375
11.45	2.783203125
11.46	2.802734375
11.470004	2.841796875
11.479996	2.861328125
11.49	2.861328125
11.500008	2.8515625
11.51	2.8271484375
11.52	2.7978515625
11.529996	2.7587890625
11.54	2.734375
11.550004	2.724609375
11.559996	2.7197265625
11.57	2.71484375
11.58	2.7392578125
11.590004	2.7685546875
11.6	2.8076171875
11.61	2.8369140625
11.62	2.8515625
11.630004	2.8564453125
11.64	2.8515625
11.65	2.83203125
11.66	2.8125
11.67	2.7734375
11.680004	2.7392578125
11.69	2.7197265625
11.7	2.7197265625
11.71	2.71484375
11.72	2.734375
11.729996	2.7587890625
11.74	2.802734375
11.749996	2.822265625
11.760004	2.8466796875
11.770004	2.8564453125
11.78	2.8515625
11.789996	2.8515625
11.800004	2.8125
11.81	2.783203125
11.819996	2.7490234375
11.83	2.7294921875
11.84	2.71484375
11.850004	2.7197265625
11.859996	2.734375
11.87	2.7490234375
11.88	2.79296875
11.890004	2.8173828125
11.9	2.8369140625
11.91	2.8515625
11.92	2.8564453125
11.930004	2.841796875
11.94	2.822265625
11.95	2.79296875
11.96	2.75390625
11.97	2.734375
11.98	2.7197265625
11.99	2.7197265625
12.0	2.71484375
12.01	2.744140625
12.02	2.7783203125
12.03	2.8125
12.04	2.8369140625
12.049996	2.8515625
12.060004	2.8564453125
12.070004	2.841796875
12.079996	2.8369140625
12.09	2.79296875
12.1	2.763671875
12.110004	2.7392578125
12.119996	2.7294921875
12.13	2.7197265625
12.140008	2.7197265625
12.15	2.7392578125
12.16	2.763671875
12.169996	2.8076171875
12.18	2.8271484375
12.190004	2.8466796875
12.199996	2.8515625
12.21	2.8466796875
12.22	2.8369140625
12.230004	2.802734375
12.24	2.7783203125
12.25	2.744140625
12.26	2.7294921875
12.270004	2.7197265625
12.28	2.7197265625
12.29	2.734375
12.3	2.763671875
12.31	2.802734375
12.320004	2.822265625
12.33	2.8466796875
12.34	2.8515625
12.35	2.8564453125
12.36	2.841796875
12.369996	2.8173828125
12.38	2.783203125
12.389996	2.75390625
12.400004	2.734375
12.410004	2.7197265625
12.42	2.724609375
12.429996	2.7294921875
12.440004	2.7587890625
12.45	2.79296875
12.459996	2.8125
12.47	2.841796875
12.48	2.8564453125
12.490004	2.8515625
12.499996	2.8466796875
12.51	2.822265625
12.52	2.7880859375
12.530004	2.7587890625
12.54	2.7294921875
12.55	2.7197265625
12.56	2.71484375
12.570004	2.734375
12.58	2.7490234375
12.59	2.7734375
12.6	2.8076171875
12.61	2.83203125
12.62	2.8515625
12.63	2.8515625
12.64	2.841796875
12.65	2.8173828125
12.66	2.802734375
12.67	2.763671875
12.68	2.744140625
12.689996	2.724609375
12.700004	2.71484375
12.710004	2.7294921875
12.719996	2.7392578125
12.73	2.7734375
12.74	2.79296875
12.750004	2.822265625
12.759996	2.8515625
12.77	2.8564453125
12.780008	2.8466796875
12.79	2.8271484375
12.8	2.8076171875
12.809996	2.7734375
12.82	2.7490234375
12.830004	2.7294921875
12.839996	2.7197265625
12.85	2.724609375
12.86	2.7294921875
12.870004	2.763671875
12.88	2.79296875
12.89	2.8271484375
12.9	2.841796875
12.910004	2.8466796875
12.92	2.8466796875
12.93	2.841796875
12.94	2.8173828125
12.95	2.7734375
12.960004	2.7490234375
12.97	2.734375
12.98	2.7294921875
12.99	2.7294921875
13.0	2.7294921875
13.009996	2.75390625
13.02	2.7880859375
13.029996	2.8271484375
13.040004	2.841796875
13.050004	2.8466796875
13.06	2.8466796875
13.069996	2.841796875
13.080004	2.8125
13.09	2.7978515625
13.099996	2.7587890625
13.11	2.7392578125
13.12	2.724609375
13.130004	2.7197265625
13.139996	2.7392578125
13.15	2.7392578125
13.16	2.7783203125
13.170004	2.802734375
13.18	2.8369140625
13.19	2.8515625
13.2	2.8466796875
13.210004	2.8466796875
13.22	2.8173828125
13.23	2.802734375
13.24	2.7587890625
13.25	2.7392578125
13.26	2.7294921875
13.27	2.724609375
13.28	2.7294921875
13.29	2.7490234375
13.3	2.7685546875
13.31	2.7978515625
13.32	2.8271484375
13.329996	2.841796875
13.340004	2.8515625
13.350004	2.841796875
13.359996	2.8271484375
13.37	2.802734375
13.38	2.7783203125
13.390004	2.744140625
13.399996	2.7294921875
13.41	2.7197265625
13.420008	2.724609375
13.43	2.7392578125
13.44	2.7685546875
13.449996	2.7978515625
13.46	2.822265625
13.470004	2.841796875
13.479996	2.8564453125
13.49	2.841796875
13.5	2.83203125
13.510004	2.8076171875
13.52	2.783203125
13.53	2.75390625
13.54	2.7392578125
13.550004	2.7294921875
13.56	2.7294921875
13.57	2.7392578125
13.58	2.75390625
13.59	2.7880859375
13.600004	2.8173828125
13.61	2.83203125
13.62	2.8466796875
13.63	2.841796875
13.64	2.8369140625
13.649996	2.822265625
13.66	2.79296875
13.669996	2.75390625
13.680004	2.734375
13.690004	2.7294921875
13.7	2.7294921875
13.709996	2.7294921875
13.720004	2.7587890625
13.73	2.7783203125
13.739996	2.8125
13.75	2.83203125
13.76	2.83203125
13.770004	2.8515625
13.779996	2.841796875
13.79	2.8271484375
13.8	2.802734375
13.810004	2.7685546875
13.82	2.7392578125
13.83	2.7392578125
13.84	2.724609375
13.850004	2.7294921875
13.86	2.744140625
13.87	2.7734375
13.88	2.8076171875
13.89	2.8271484375
13.9	2.8515625
13.91	2.8466796875
13.92	2.83203125
13.93	2.83203125
13.94	2.7978515625
13.95	2.7783203125
13.96	2.7490234375
13.969996	2.7392578125
13.980004	2.7294921875
13.990004	2.734375
13.999996	2.744140625
14.01	2.763671875
14.02	2.8076171875
14.030004	2.822265625
14.039996	2.841796875
14.05	2.841796875
14.060008	2.8466796875
14.07	2.83203125
14.08	2.8125
14.089996	2.7880859375
14.1	2.7587890625
14.110004	2.734375
14.119996	2.724609375
14.13	2.734375
14.14	2.734375
14.150004	2.7587890625
14.16	2.79296875
14.17	2.8125
14.18	2.83203125
14.190004	2.8466796875
14.2	2.8369140625
14.21	2.8369140625
14.22	2.8076171875
14.23	2.7880859375
14.240004	2.7685546875
14.25	2.734375
14.26	2.734375
14.27	2.724609375
14.28	2.7392578125
14.289996	2.7490234375
14.3	2.783203125
14.309996	2.8125
14.320004	2.8271484375
14.330004	2.8466796875
14.34	2.8466796875
14.349996	2.8369140625
14.360004	2.822265625
14.37	2.802734375
14.379996	2.7734375
14.39	2.744140625
14.4	2.734375
14.410004	2.7294921875
14.419996	2.7392578125
14.43	2.744140625
14.44	2.7685546875
14.450004	2.802734375
14.46	2.8271484375
14.47	2.83203125
14.48	2.841796875
14.490004	2.841796875
14.5	2.822265625
14.51	2.8076171875
14.52	2.7783203125
14.53	2.7490234375
14.54	2.7392578125
14.55	2.7294921875
14.56	2.7392578125
14.57	2.7490234375
14.58	2.7734375
14.59	2.802734375
14.6	2.822265625
14.609996	2.83203125
14.620004	2.8466796875
14.630004	2.841796875
14.639996	2.83203125
14.65	2.8076171875
14.66	2.7783203125
14.670004	2.7587890625
14.679996	2.7392578125
14.69	2.724609375
14.700008	2.734375
14.71	2.744140625
14.72	2.763671875
14.729996	2.7880859375
14.74	2.8173828125
14.750004	2.8271484375
14.759996	2.841796875
14.77	2.8369140625
14.78	2.8369140625
14.790004	2.8125
14.8	2.79296875
14.81	2.763671875
14.82	2.744140625
14.830004	2.7392578125
14.84	2.7294921875
14.85	2.744140625
14.86	2.75390625
14.87	2.7880859375
14.880004	2.8125
14.89	2.822265625
14.9	2.8369140625
14.91	2.8466796875
14.92	2.8369140625
14.929996	2.8173828125
14.94	2.79296875
14.949996	2.7685546875
14.960004	2.744140625
14.970004	2.734375
14.98	2.734375
14.989996	2.7392578125
15.000004	2.75390625
15.01	2.7734375
15.019996	2.802734375
15.03	2.8271484375
15.04	2.83203125
15.050004	2.8369140625
15.059996	2.83203125
15.07	2.822265625
15.08	2.802734375
15.090004	2.7734375
15.1	2.7587890625
15.11	2.734375
15.12	2.7294921875
15.130004	2.7392578125
15.14	2.7490234375
15.15	2.7734375
15.16	2.7978515625
15.17	2.8173828125
15.18	2.8369140625
15.19	2.8369140625
15.2	2.83203125
15.21	2.8271484375
15.22	2.7978515625
15.23	2.783203125
15.24	2.75390625
15.249996	2.7392578125
15.260004	2.7392578125
15.270004	2.7294921875
15.279996	2.7490234375
15.29	2.763671875
15.3	2.79296875
15.310004	2.8076171875
15.319996	2.822265625
15.33	2.83203125
15.340008	2.841796875
15.35	2.8271484375
15.36	2.8076171875
15.369996	2.7880859375
15.38	2.7587890625
15.390004	2.744140625
15.399996	2.7392578125
15.41	2.734375
15.42	2.744140625
15.430004	2.763671875
15.44	2.783203125
15.45	2.8125
15.46	2.8271484375
15.470004	2.8369140625
15.48	2.8369140625
15.49	2.83203125
15.5	2.8173828125
15.51	2.79296875
15.520004	2.7734375
15.53	2.75390625
15.54	2.744140625
15.55	2.7392578125
15.56	2.7392578125
15.569996	2.7490234375
15.58	2.7734375
15.589996	2.7978515625
15.600004	2.822265625
15.610004	2.841796875
15.62	2.841796875
15.629996	2.8369140625
15.640004	2.83203125
15.65	2.802734375
15.659996	2.7783203125
15.67	2.75390625
15.68	2.744140625
15.690004	2.734375
15.699996	2.744140625
15.71	2.75390625
15.72	2.7783203125
15.730004	2.7978515625
15.74	2.8173828125
15.75	2.8369140625
15.76	2.8369140625
15.770004	2.8369140625
15.78	2.8173828125
15.79	2.802734375
15.8	2.7880859375
15.81	2.7587890625
15.82	2.7490234375
15.83	2.734375
15.84	2.744140625
15.85	2.7490234375
15.86	2.7685546875
15.87	2.7978515625
15.88	2.8125
15.889996	2.822265625
15.900004	2.8369140625
15.910004	2.83203125
15.919996	2.8271484375
15.93	2.8076171875
15.94	2.7880859375
15.950004	2.763671875
15.959996	2.7392578125
15.97	2.7392578125
15.980008	2.7392578125
15.99	2.744140625
16.0	2.763671875
16.009996	2.783203125
16.02	2.8076171875
16.030004	2.8271484375
16.039996	2.83203125
16.05	2.841796875
16.06	2.83203125
16.070004	2.822265625
16.08	2.7978515625
16.09	2.7685546875
16.1	2.744140625
16.110004	2.744140625
16.12	2.7294921875
16.13	2.7392578125
16.14	2.7587890625
16.15	2.7783203125
16.160004	2.802734375
16.17	2.8271484375
16.18	2.83203125
16.19	2.83203125
16.2	2.83203125
16.209996	2.822265625
16.22	2.7978515625
16.229996	2.7734375
16.240004	2.7490234375
16.250004	2.734375
16.26	2.7392578125
16.269996	2.744140625
16.280004	2.75390625
16.29	2.7734375
16.299996	2.802734375
16.31	2.822265625
16.32	2.8271484375
16.330004	2.83203125
16.339996	2.8369140625
16.35	2.8271484375
16.36	2.802734375
16.370004	2.783203125
16.38	2.7685546875
16.39	2.744140625
16.4	2.7392578125
16.410004	2.744140625
16.42	2.7490234375
16.43	2.7685546875
16.44	2.79296875
16.45	2.8173828125
16.46	2.8271484375
16.47	2.841796875
16.48	2.8271484375
16.49	2.8271484375
16.5	2.8076171875
16.51	2.7880859375
16.52	2.7587890625
16.529996	2.744140625
16.540004	2.744140625
16.550004	2.734375
16.559996	2.744140625
16.57	2.763671875
16.58	2.79296875
16.590004	2.8076171875
16.599996	2.8173828125
16.61	2.8369140625
16.620008	2.8369140625
16.63	2.8271484375
16.64	2.8076171875
16.649996	2.79296875
16.66	2.7734375
16.670004	2.7490234375
16.679996	2.7392578125
16.69	2.7392578125
16.7	2.7490234375
16.710004	2.763671875
16.72	2.7783203125
16.73	2.802734375
16.74	2.8271484375
16.750004	2.8271484375
16.76	2.83203125
16.77	2.822265625
16.78	2.8076171875
16.79	2.8076171875
16.800004	2.783203125
16.81	2.7587890625
16.82	2.744140625
16.83	2.7392578125
16.84	2.744140625
16.849996	2.75390625
16.86	2.7783203125
16.869996	2.802734375
16.880004	2.8125
16.890004	2.8271484375
16.9	2.8369140625
16.909996	2.822265625
16.920004	2.8125
16.93	2.802734375
16.939996	2.783203125
16.95	2.7587890625
16.96	2.744140625
16.970004	2.744140625
16.979996	2.7392578125
16.99	2.7490234375
17.0	2.7685546875
17.010004	2.7978515625
17.02	2.802734375
17.03	2.8271484375
17.04	2.8369140625
17.050004	2.83203125
17.06	2.8271484375
17.07	2.7978515625
17.08	2.783203125
17.09	2.7587890625
17.1	2.7490234375
17.11	2.7392578125
17.12	2.7392578125
17.13	2.744140625
17.14	2.7685546875
17.15	2.79296875
17.16	2.8076171875
17.169996	2.8271484375
17.180004	2.8271484375
17.190004	2.83203125
17.199996	2.8271484375
17.21	2.8125
17.22	2.79296875
17.230004	2.7734375
17.239996	2.75390625
17.25	2.734375
17.260008	2.7392578125
17.27	2.7490234375
17.28	2.7685546875
17.289996	2.7880859375
17.3	2.802734375
17.310004	2.822265625
17.319996	2.83203125
17.33	2.8369140625
17.34	2.8271484375
17.350004	2.822265625
17.36	2.7880859375
17.37	2.7783203125
17.38	2.744140625
17.390004	2.744140625
17.4	2.744140625
17.41	2.7490234375
17.42	2.7587890625
17.43	2.7734375
17.440004	2.802734375
17.45	2.8125
17.46	2.8271484375
17.47	2.83203125
17.48	2.8271484375
17.489996	2.822265625
17.5	2.7978515625
17.509996	2.7880859375
17.520004	2.7587890625
17.530004	2.7392578125
17.54	2.7392578125
17.549996	2.75390625
17.560004	2.7490234375
17.57	2.7783203125
17.579996	2.79296875
17.59	2.8125
17.6	2.822265625
17.610004	2.8271484375
17.619996	2.83203125
17.63	2.8125
17.64	2.802734375
17.650004	2.7880859375
17.66	2.7685546875
17.67	2.7392578125
17.68	2.744140625
17.690004	2.744140625
17.7	2.7490234375
17.71	2.763671875
17.72	2.7880859375
17.73	2.8125
17.74	2.822265625
17.75	2.8271484375
17.76	2.8369140625
17.77	2.8271484375
17.78	2.802734375
17.79	2.783203125
17.8	2.7734375
17.809996	2.75390625
17.820004	2.7490234375
17.830004	2.7392578125
17.839996	2.7392578125
17.85	2.763671875
17.86	2.7783203125
17.870004	2.7978515625
17.879996	2.822265625
17.89	2.822265625
17.900008	2.83203125
17.91	2.822265625
17.92	2.8125
17.929996	2.7978515625
17.94	2.7783203125
17.950004	2.75390625
17.959996	2.744140625
17.97	2.7392578125
17.98	2.7490234375
17.990004	2.7587890625
18.0	2.7783203125
18.01	2.7978515625
18.02	2.8125
18.030004	2.822265625
18.04	2.83203125
18.05	2.8271484375
18.06	2.8076171875
18.07	2.8076171875
18.080004	2.7783203125
18.09	2.75390625
18.1	2.744140625
18.11	2.7490234375
18.12	2.744140625
18.129996	2.7587890625
18.14	2.7783203125
18.149996	2.7978515625
18.160004	2.8125
18.170004	2.8173828125
18.18	2.83203125
18.189996	2.8271484375
18.200004	2.8173828125
18.21	2.802734375
18.219996	2.79296875
18.23	2.7685546875
18.24	2.75390625
18.250004	2.744140625
18.259996	2.744140625
18.27	2.75390625
18.28	2.7734375
18.290004	2.7978515625
18.3	2.802734375
18.31	2.8271484375
18.32	2.8271484375
18.330004	2.8271484375
18.34	2.8271484375
18.35	2.7978515625
18.36	2.79296875
18.37	2.7734375
18.38	2.7587890625
18.39	2.744140625
18.4	2.744140625
18.41	2.75390625
18.42	2.763671875
18.43	2.79296875
18.44	2.7978515625
18.449996	2.8173828125
18.460004	2.822265625
18.470004	2.822265625
18.479996	2.8173828125
18.49	2.8173828125
18.5	2.7978515625
18.510004	2.7734375
18.519996	2.763671875
18.53	2.7392578125
18.540008	2.744140625
18.55	2.7587890625
18.56	2.763671875
18.569996	2.7783203125
18.58	2.802734375
18.590004	2.8125
18.599996	2.8173828125
18.61	2.8271484375
18.62	2.822265625
18.630004	2.8125
18.64	2.79296875
18.65	2.783203125
18.66	2.763671875
18.670004	2.7587890625
18.68	2.744140625
18.69	2.7490234375
18.7	2.763671875
18.71	2.7783203125
18.720004	2.79296875
18.73	2.8076171875
18.74	2.822265625
18.75	2.822265625
18.76	2.822265625
18.769996	2.8125
18.78	2.7978515625
18.789996	2.783203125
18.800004	2.7685546875
18.810004	2.7490234375
18.82	2.75390625
18.829996	2.7392578125
18.840004	2.75390625
18.85	2.7783203125
18.859996	2.79296875
18.87	2.802734375
18.88	2.8173828125
18.890004	2.822265625
18.899996	2.8271484375
18.91	2.8173828125
18.92	2.802734375
18.930004	2.7880859375
18.94	2.7734375
18.95	2.763671875
18.96	2.744140625
18.970004	2.7490234375
18.98	2.75390625
18.99	2.763671875
19.0	2.7880859375
19.01	2.7978515625
19.02	2.8125
19.03	2.8271484375
19.04	2.822265625
19.05	2.822265625
19.06	2.8076171875
19.07	2.79296875
19.08	2.7734375
19.089996	2.763671875
19.100004	2.75390625
19.110004	2.744140625
19.119996	2.7490234375
19.13	2.7685546875
19.14	2.783203125
19.150004	2.8076171875
19.159996	2.8125
19.17	2.822265625
19.180008	2.8173828125
19.19	2.8271484375
19.2	2.8076171875
19.209996	2.7978515625
19.22	2.783203125
19.230004	2.7587890625
19.239996	2.75390625
19.25	2.744140625
19.26	2.75390625
19.270004	2.7587890625
19.28	2.7880859375
19.29	2.7978515625
19.3	2.8076171875
19.310004	2.8173828125
19.32	2.8173828125
19.33	2.8271484375
19.34	2.8076171875
19.35	2.7978515625
19.360004	2.783203125
19.37	2.7734375
19.38	2.7490234375
19.39	2.7490234375
19.4	2.7587890625
19.409996	2.7587890625
19.42	2.7734375
19.429996	2.7880859375
19.440004	2.8173828125
19.450004	2.8076171875
19.46	2.822265625
19.469996	2.8125
19.480004	2.8173828125
19.49	2.8076171875
19.499996	2.79296875
19.51	2.7734375
19.52	2.75390625
19.530004	2.7490234375
19.539996	2.7490234375
19.55	2.763671875
19.56	2.7734375
19.570004	2.79296875
19.58	2.7978515625
19.59	2.8125
19.6	2.8173828125
19.610004	2.822265625
19.62	2.8125
19.63	2.8076171875
19.64	2.79296875
19.65	2.7783203125
19.66	2.763671875
19.67	2.75390625
19.68	2.744140625
19.69	2.7587890625
19.7	2.7685546875
19.71	2.7783203125
19.72	2.7978515625
19.729996	2.8173828125
19.740004	2.822265625
19.750004	2.8271484375
19.759996	2.8173828125
19.77	2.8125
19.78	2.7880859375
19.790004	2.7783203125
19.799996	2.7685546875
19.81	2.75390625
19.820008	2.75390625
19.83	2.75390625
19.84	2.7685546875
19.849996	2.7783203125
19.86	2.802734375
19.870004	2.8125
19.879996	2.822265625
19.89	2.8173828125
19.9	2.8173828125
19.910004	2.8173828125
19.92	2.802734375
19.93	2.7783203125
19.94	2.7734375
19.950004	2.7490234375
19.96	2.7587890625
19.97	2.7490234375
19.98	2.7685546875
19.99	2.7783203125
20.000004	2.79296875
20.01	2.8076171875
20.02	2.8173828125
20.03	2.822265625
20.04	2.822265625
20.049996	2.8173828125
20.06	2.7978515625
20.069996	2.79296875
20.080004	2.7685546875
20.090004	2.75390625
20.1	2.744140625
20.109996	2.7490234375
20.120004	2.763671875
20.13	2.7685546875
20.139996	2.79296875
20.15	2.79296875
20.16	2.822265625
20.170004	2.822265625
20.179996	2.822265625
20.19	2.8076171875
20.2	2.802734375
20.210004	2.79296875
20.22	2.7783203125
20.23	2.763671875
20.24	2.75390625
20.250004	2.75390625
20.26	2.7587890625
20.27	2.7734375
20.28	2.7880859375
20.29	2.802734375
20.3	2.8076171875
20.31	2.8173828125
20.32	2.8271484375
20.33	2.8125
20.34	2.7978515625
20.35	2.7978515625
20.36	2.7783203125
20.369996	2.7587890625
20.380004	2.75390625
20.390004	2.7587890625
20.399996	2.7587890625
20.41	2.763671875
20.42	2.7783203125
20.430004	2.7978515625
20.439996	2.8125
20.45	2.8173828125
20.460008	2.8173828125
20.47	2.822265625
20.48	2.8125
20.489996	2.802734375
20.5	2.783203125
20.510004	2.7685546875
20.519996	2.763671875
20.53	2.75390625
20.54	2.75390625
20.550004	2.7685546875
20.56	2.7783203125
20.57	2.7978515625
20.58	2.8076171875
20.590004	2.8173828125
20.6	2.822265625
20.61	2.8173828125
20.62	2.8125
20.63	2.7978515625
20.640004	2.783203125
20.65	2.7685546875
20.66	2.763671875
20.67	2.7490234375
20.68	2.75390625
20.689996	2.763671875
20.7	2.7783203125
20.709996	2.79296875
20.720004	2.7978515625
20.730004	2.8125
20.74	2.822265625
20.749996	2.822265625
20.760004	2.8125
20.77	2.8125
20.779996	2.7880859375
20.79	2.7685546875
20.8	2.7587890625
20.810004	2.7587890625
20.819996	2.75390625
20.83	2.763671875
20.84	2.7734375
20.850004	2.7783203125
20.86	2.802734375
20.87	2.8125
20.88	2.822265625
20.890004	2.8125
20.9	2.8125
20.91	2.802734375
20.92	2.7880859375
20.93	2.7783203125
20.94	2.763671875
20.95	2.7587890625
20.96	2.75390625
20.97	2.7685546875
20.98	2.763671875
20.99	2.7880859375
21.0	2.7978515625
21.009996	2.8125
21.020004	2.8173828125
21.030004	2.8173828125
21.039996	2.8125
21.05	2.8076171875
21.06	2.79296875
21.070004	2.7734375
21.079996	2.7685546875
21.09	2.75390625
21.100008	2.7587890625
21.11	2.7587890625
21.12	2.7587890625
21.129996	2.783203125
21.14	2.7978515625
21.150004	2.8076171875
21.159996	2.8125
21.17	2.8173828125
21.18	2.8173828125
21.190004	2.8076171875
21.2	2.8076171875
21.21	2.783203125
21.22	2.763671875
21.230004	2.75390625
21.24	2.75390625
21.25	2.7587890625
21.26	2.7587890625
21.27	2.7734375
21.280004	2.79296875
21.29	2.802734375
21.3	2.8125
21.31	2.822265625
21.32	2.8125
21.329996	2.8125
21.34	2.7978515625
21.349996	2.7880859375
21.360004	2.7734375
21.370004	2.763671875
21.38	2.75390625
21.389996	2.7490234375
21.400004	2.763671875
21.41	2.7734375
21.419996	2.7880859375
21.43	2.802734375
21.44	2.8125
21.450004	2.8173828125
21.459996	2.822265625
21.47	2.8076171875
21.48	2.79296875
21.490004	2.7978515625
21.5	2.7685546875
21.51	2.7685546875
21.52	2.7490234375
21.530004	2.75390625
21.54	2.75390625
21.55	2.7783203125
21.56	2.783203125
21.57	2.802734375
21.58	2.8125
21.59	2.8173828125
21.6	2.8173828125
21.61	2.8125
21.62	2.8125
21.63	2.79296875
21.64	2.7880859375
21.649996	2.7734375
21.660004	2.75390625
21.670004	2.75390625
21.679996	2.763671875
21.69	2.7685546875
21.7	2.7734375
21.710004	2.79296875
21.719996	2.7978515625
21.73	2.8173828125
21.740008	2.822265625
21.75	2.8125
21.76	2.8076171875
21.769996	2.79296875
21.78	2.783203125
21.790004	2.7685546875
21.799996	2.7587890625
21.81	2.75390625
21.82	2.7587890625
21.830004	2.7685546875
21.84	2.7734375
21.85	2.7880859375
21.86	2.802734375
21.870004	2.8125
21.88	2.8125
21.89	2.8125
21.9	2.8173828125
21.91	2.802734375
21.920004	2.783203125
21.93	2.7734375
21.94	2.763671875
21.95	2.75390625
21.96	2.7587890625
21.969996	2.763671875
21.98	2.7734375
21.989996	2.783203125
22.000004	2.7978515625
22.010004	2.8173828125
22.02	2.8125
22.029996	2.8173828125
22.040004	2.8076171875
22.05	2.802734375
22.059996	2.7880859375
22.07	2.7783203125
22.08	2.7685546875
22.090004	2.7587890625
22.099996	2.763671875
22.11	2.75390625
22.12	2.7734375
22.130004	2.7783203125
22.14	2.7978515625
22.15	2.8125
22.16	2.8125
22.170004	2.8125
22.18	2.8173828125
22.19	2.7978515625
22.2	2.79296875
22.21	2.7783203125
22.22	2.7685546875
22.23	2.7685546875
22.24	2.75390625
22.25	2.7685546875
22.26	2.7685546875
22.27	2.7783203125
22.28	2.7978515625
22.289996	2.802734375
22.300004	2.8125
22.310004	2.8173828125
22.319996	2.8173828125
22.33	2.7978515625
22.34	2.802734375
22.350004	2.7783203125
22.359996	2.7734375
22.37	2.763671875
22.380008	2.7587890625
22.39	2.75390625
22.4	2.763671875
22.409996	2.783203125
22.42	2.7978515625
22.430004	2.802734375
22.439996	2.8173828125
22.45	2.8173828125
22.46	2.8125
22.470004	2.8076171875
22.48	2.7978515625
22.49	2.783203125
22.5	2.7734375
22.510004	2.763671875
22.52	2.7587890625
22.53	2.763671875
22.54	2.7685546875
22.55	2.7734375
22.560004	2.7880859375
22.57	2.802734375
