Channel Accuracy: 10 Bits
Measurement Range 0...5V --> Resolution: 5V/2^10 = 4.9mV
Measured Single Channel at a Frequency of 100 Hz
Time (s)	Voltage (V)
0	1.6552734375
0.009996	1.66015625
0.02	1.6552734375
0.03	1.6552734375
0.04	1.6552734375
0.05	1.6552734375
0.06	1.6455078125
0.07	1.66015625
0.080004	1.66015625
0.09	1.6552734375
0.1	1.66015625
0.109996	1.650390625
0.120008	1.6552734375
0.13	1.650390625
0.139996	1.6552734375
0.15	1.66015625
0.16	1.6552734375
0.170004	1.650390625
0.18	1.6552734375
0.19	1.650390625
0.2	1.6552734375
0.21	1.6552734375
0.22	1.6552734375
0.23	1.66015625
0.24	1.650390625
0.25	1.650390625
0.26	1.6650390625
0.27	1.669921875
0.28	1.6748046875
0.29	1.708984375
0.3	1.8212890625
0.31	1.962890625
0.32	2.1484375
0.33	2.3779296875
0.34	2.65625
0.349996	2.9248046875
0.36	3.1689453125
0.37	3.388671875
0.38	3.59375
0.390004	3.779296875
0.4	3.8330078125
0.41	3.857421875
0.420004	3.818359375
0.43	3.701171875
0.439996	3.5107421875
0.45	3.30078125
0.46	3.0712890625
0.47	2.8076171875
0.479996	2.5537109375
0.49	2.314453125
0.5	2.119140625
0.51	1.953125
0.52	1.8212890625
0.53	1.806640625
0.54	1.8701171875
0.55	1.953125
0.56	2.1044921875
0.57	2.333984375
0.58	2.55859375
0.59	2.7880859375
0.6	3.0029296875
0.61	3.251953125
0.62	3.466796875
0.63	3.5888671875
0.64	3.7060546875
0.65	3.76953125
0.66	3.779296875
0.67	3.6669921875
0.68	3.53515625
0.690004	3.369140625
0.7	3.154296875
0.71	2.919921875
0.720004	2.685546875
0.730004	2.4755859375
0.74	2.2705078125
0.749996	2.08984375
0.760008	1.9482421875
0.77	1.8798828125
0.78	1.875
0.789996	1.8994140625
0.8	1.9921875
0.81	2.1484375
0.819996	2.353515625
0.83	2.5439453125
0.84	2.7783203125
0.85	3.0078125
0.86	3.22265625
0.87	3.3837890625
0.88	3.5498046875
0.89	3.662109375
0.9	3.7353515625
0.91	3.701171875
0.92	3.59375
0.93	3.515625
0.94	3.359375
0.95	3.1298828125
0.96	2.91015625
0.97	2.7197265625
0.98	2.5146484375
0.989996	2.2998046875
1.0	2.119140625
1.01	2.01171875
1.02	1.943359375
1.030004	1.904296875
1.04	1.943359375
1.05	2.0556640625
1.060004	2.1923828125
1.07	2.353515625
1.079996	2.55859375
1.09	2.783203125
1.1	2.98828125
1.11	3.1787109375
1.119996	3.3544921875
1.13	3.5302734375
1.14	3.5986328125
1.15	3.642578125
1.16	3.6328125
1.17	3.583984375
1.18	3.4814453125
1.19	3.310546875
1.2	3.1298828125
1.21	2.939453125
1.22	2.724609375
1.23	2.5048828125
1.24	2.333984375
1.25	2.1826171875
1.26	2.0654296875
1.27	1.9677734375
1.28	1.953125
1.29	2.001953125
1.3	2.0849609375
1.31	2.2021484375
1.32	2.36328125
1.330004	2.568359375
1.34	2.7783203125
1.35	2.958984375
1.360004	3.1591796875
1.370004	3.349609375
1.38	3.4814453125
1.389996	3.5546875
1.400008	3.59375
1.41	3.5986328125
1.42	3.5546875
1.429996	3.4375
1.44	3.291015625
1.45	3.1298828125
1.459996	2.9296875
1.47	2.724609375
1.48	2.5390625
1.49	2.373046875
1.5	2.2119140625
1.51	2.0849609375
1.52	2.0263671875
1.53	2.01171875
1.54	2.03125
1.55	2.1044921875
1.56	2.236328125
1.57	2.40234375
1.58	2.5732421875
1.59	2.7587890625
1.6	2.9443359375
1.61	3.1396484375
1.62	3.3056640625
1.629996	3.4228515625
1.64	3.5302734375
1.65	3.57421875
1.66	3.5595703125
1.670004	3.515625
1.68	3.3984375
1.69	3.28125
1.700004	3.10546875
1.71	2.9296875
1.719996	2.7490234375
1.73	2.55859375
1.74	2.392578125
1.75	2.2314453125
1.759996	2.1337890625
1.77	2.0703125
1.78	2.0458984375
1.79	2.0654296875
1.8	2.138671875
1.81	2.2607421875
1.82	2.40234375
1.83	2.5634765625
1.84	2.7490234375
1.85	2.9296875
1.86	3.10546875
1.87	3.26171875
1.88	3.3984375
1.89	3.49609375
1.9	3.5400390625
1.91	3.5302734375
1.92	3.4912109375
1.93	3.388671875
1.94	3.2568359375
1.95	3.0908203125
1.96	2.9296875
1.970004	2.7587890625
1.98	2.578125
1.99	2.4072265625
2.000004	2.2802734375
2.010004	2.1728515625
2.02	2.0947265625
2.029996	2.0751953125
2.040008	2.1044921875
2.05	2.1826171875
2.06	2.2802734375
2.069996	2.4072265625
2.08	2.578125
2.09	2.75390625
2.099996	2.9248046875
2.11	3.0810546875
2.12	3.2470703125
2.13	3.3740234375
2.14	3.447265625
2.15	3.486328125
2.16	3.5009765625
2.17	3.4521484375
2.18	3.3642578125
2.19	3.2373046875
2.2	3.0859375
2.21	2.9345703125
2.22	2.7490234375
2.23	2.578125
2.24	2.4365234375
2.25	2.3046875
2.26	2.197265625
2.269996	2.12890625
2.28	2.1142578125
2.29	2.1337890625
2.3	2.197265625
2.310004	2.294921875
2.32	2.4365234375
2.33	2.578125
2.340004	2.734375
2.35	2.9052734375
2.359996	3.06640625
2.37	3.2177734375
2.38	3.3349609375
2.39	3.408203125
2.399996	3.466796875
2.41	3.4716796875
2.42	3.41796875
2.43	3.33984375
2.44	3.232421875
2.45	3.0810546875
2.46	2.9296875
2.47	2.7685546875
2.48	2.607421875
2.49	2.4560546875
2.5	2.32421875
2.51	2.2216796875
2.52	2.1728515625
2.53	2.1435546875
2.54	2.1630859375
2.55	2.2216796875
2.56	2.3193359375
2.57	2.4462890625
2.58	2.5732421875
2.59	2.7392578125
2.6	2.91015625
2.610004	3.0517578125
2.62	3.1884765625
2.63	3.30078125
2.640004	3.388671875
2.650004	3.4326171875
2.66	3.427734375
2.669996	3.388671875
2.680008	3.3251953125
2.69	3.2080078125
2.7	3.0615234375
2.709996	2.9296875
2.72	2.7783203125
2.73	2.626953125
2.739996	2.4658203125
2.75	2.353515625
2.76	2.2607421875
2.77	2.197265625
2.78	2.16796875
2.79	2.1826171875
2.8	2.2509765625
2.81	2.3291015625
2.82	2.4462890625
2.83	2.587890625
2.84	2.7392578125
2.85	2.890625
2.86	3.0322265625
2.87	3.1689453125
2.88	3.2861328125
2.89	3.3642578125
2.9	3.388671875
2.909996	3.408203125
2.92	3.369140625
2.93	3.3056640625
2.94	3.193359375
2.950004	3.0712890625
2.96	2.9248046875
2.97	2.7685546875
2.980004	2.626953125
2.99	2.490234375
2.999996	2.373046875
3.01	2.2802734375
3.02	2.216796875
3.03	2.197265625
3.039996	2.216796875
3.05	2.2607421875
3.06	2.3388671875
3.07	2.4609375
3.08	2.5927734375
3.09	2.7392578125
3.1	2.8759765625
3.11	3.0224609375
3.12	3.1494140625
3.13	3.26171875
3.14	3.3349609375
3.15	3.3740234375
3.16	3.37890625
3.17	3.3447265625
3.18	3.271484375
3.19	3.1787109375
3.2	3.06640625
3.21	2.9052734375
3.22	2.783203125
3.23	2.6513671875
3.24	2.509765625
3.250004	2.392578125
3.26	2.294921875
3.27	2.24609375
3.280004	2.2265625
3.290004	2.2314453125
3.3	2.2802734375
3.309996	2.3583984375
3.320008	2.4755859375
3.33	2.5927734375
3.34	2.734375
3.349996	2.880859375
3.36	3.017578125
3.37	3.125
3.379996	3.232421875
3.39	3.3154296875
3.4	3.3544921875
3.41	3.359375
3.42	3.3203125
3.43	3.271484375
3.44	3.1689453125
3.45	3.0517578125
3.46	2.9150390625
3.47	2.7880859375
3.48	2.6513671875
3.49	2.5244140625
3.5	2.4072265625
3.51	2.32421875
3.52	2.275390625
3.53	2.2412109375
3.54	2.2509765625
3.549996	2.2998046875
3.56	2.373046875
3.57	2.48046875
3.58	2.5927734375
3.590004	2.734375
3.6	2.87109375
3.61	2.998046875
3.620004	3.10546875
3.63	3.22265625
3.639996	3.291015625
3.65	3.330078125
3.66	3.3447265625
3.67	3.3203125
3.679996	3.2373046875
3.69	3.1591796875
3.7	3.0419921875
3.71	2.919921875
3.72	2.79296875
3.73	2.6513671875
3.74	2.5439453125
3.75	2.4267578125
3.76	2.34375
3.77	2.2900390625
3.78	2.265625
3.79	2.2802734375
3.8	2.32421875
3.81	2.3876953125
3.82	2.4853515625
3.83	2.6123046875
3.84	2.7294921875
3.85	2.861328125
3.86	2.98828125
3.87	3.095703125
3.88	3.193359375
3.890004	3.26171875
3.9	3.3056640625
3.91	3.3154296875
3.920004	3.291015625
3.930004	3.2275390625
3.94	3.1494140625
3.949996	3.0419921875
3.960008	2.91015625
3.97	2.7978515625
3.98	2.666015625
3.989996	2.548828125
4.0	2.4462890625
4.01	2.353515625
4.019996	2.3095703125
4.03	2.28515625
4.04	2.294921875
4.05	2.333984375
4.06	2.412109375
4.07	2.4951171875
4.08	2.6171875
4.09	2.724609375
4.1	2.8564453125
4.11	2.978515625
4.12	3.0810546875
4.13	3.173828125
4.14	3.2470703125
4.15	3.2861328125
4.16	3.291015625
4.17	3.2568359375
4.18	3.203125
4.189996	3.1396484375
4.2	3.02734375
4.21	2.91015625
4.22	2.7978515625
4.230004	2.6806640625
4.24	2.5537109375
4.25	2.451171875
4.260004	2.3828125
4.27	2.32421875
4.279996	2.3046875
4.29	2.3095703125
4.3	2.3486328125
4.31	2.421875
4.319996	2.5048828125
4.33	2.6171875
4.34	2.734375
4.35	2.8662109375
4.36	2.958984375
4.37	3.06640625
4.38	3.1640625
4.39	3.22265625
4.4	3.271484375
4.41	3.2763671875
4.42	3.2568359375
4.43	3.203125
4.44	3.115234375
4.45	3.017578125
4.46	2.9052734375
4.47	2.7978515625
4.48	2.685546875
4.49	2.568359375
4.5	2.4755859375
4.51	2.3974609375
4.52	2.333984375
4.530004	2.3193359375
4.54	2.333984375
4.55	2.3681640625
4.560004	2.431640625
4.570004	2.5146484375
4.58	2.626953125
4.589996	2.7392578125
4.600008	2.861328125
4.61	2.94921875
4.62	3.06640625
4.629996	3.1494140625
4.64	3.2080078125
4.65	3.2421875
4.659996	3.26171875
4.67	3.232421875
4.68	3.1787109375
4.69	3.10546875
4.7	3.017578125
4.71	2.9052734375
4.72	2.802734375
4.73	2.6904296875
4.74	2.578125
4.75	2.48046875
4.76	2.4072265625
4.77	2.3583984375
4.78	2.3388671875
4.79	2.3486328125
4.8	2.3828125
4.81	2.4462890625
4.82	2.529296875
4.829996	2.6318359375
4.84	2.7392578125
4.85	2.8515625
4.86	2.94921875
4.870004	3.0517578125
4.88	3.1201171875
4.89	3.193359375
4.900004	3.2275390625
4.91	3.2373046875
4.919996	3.212890625
4.93	3.1787109375
4.94	3.1005859375
4.95	3.0126953125
4.959996	2.91015625
4.97	2.802734375
4.98	2.7001953125
4.99	2.578125
5.0	2.5
5.01	2.421875
5.02	2.3779296875
5.03	2.3583984375
5.04	2.36328125
5.05	2.3974609375
5.06	2.4560546875
5.07	2.5341796875
5.08	2.626953125
5.09	2.7392578125
5.1	2.8466796875
5.11	2.94921875
5.12	3.037109375
5.13	3.115234375
5.14	3.1884765625
5.15	3.2080078125
5.16	3.2177734375
5.170004	3.2080078125
5.18	3.1640625
5.19	3.0810546875
5.200004	3.0029296875
5.210004	2.900390625
5.22	2.7978515625
5.229996	2.6953125
5.240008	2.587890625
5.25	2.5048828125
5.26	2.44140625
5.269996	2.3974609375
5.28	2.36328125
5.29	2.3779296875
5.299996	2.412109375
5.31	2.4658203125
5.32	2.5537109375
5.33	2.6416015625
5.34	2.734375
5.35	2.8515625
5.36	2.9345703125
5.37	3.02734375
5.38	3.1103515625
5.39	3.173828125
5.4	3.1982421875
5.41	3.212890625
5.42	3.18359375
5.43	3.14453125
5.44	3.0712890625
5.45	2.998046875
5.46	2.8955078125
5.469996	2.79296875
5.48	2.7099609375
5.49	2.59765625
5.5	2.51953125
5.510004	2.4462890625
5.52	2.4072265625
5.53	2.3876953125
5.540004	2.3974609375
5.55	2.421875
5.559996	2.48046875
5.57	2.55859375
5.58	2.6416015625
5.59	2.744140625
5.599996	2.8466796875
5.61	2.9345703125
5.62	3.02734375
5.63	3.095703125
5.64	3.1591796875
5.65	3.1884765625
5.66	3.1982421875
5.67	3.1689453125
5.68	3.125
5.69	3.06640625
5.7	2.98828125
5.71	2.890625
5.72	2.7978515625
5.73	2.705078125
5.74	2.607421875
5.75	2.5341796875
5.76	2.4609375
5.77	2.4267578125
5.78	2.4072265625
5.79	2.412109375
5.8	2.4365234375
5.810004	2.490234375
5.82	2.55859375
5.83	2.646484375
5.840004	2.734375
5.850004	2.8466796875
5.86	2.9296875
5.869996	3.017578125
5.880008	3.0859375
5.89	3.14453125
5.9	3.173828125
5.909996	3.1787109375
5.92	3.1591796875
5.93	3.10546875
5.939996	3.056640625
5.95	2.9736328125
5.96	2.880859375
5.97	2.7978515625
5.98	2.705078125
5.99	2.6171875
6.0	2.529296875
6.01	2.48046875
6.02	2.4365234375
6.03	2.4169921875
6.04	2.421875
6.05	2.4560546875
6.06	2.5
6.07	2.568359375
6.08	2.65625
6.09	2.744140625
6.1	2.841796875
6.109996	2.9296875
6.12	3.0078125
6.13	3.0859375
6.14	3.1201171875
6.150004	3.1640625
6.16	3.1689453125
6.17	3.1494140625
6.180004	3.1005859375
6.19	3.046875
6.199996	2.9736328125
6.21	2.8759765625
6.22	2.7978515625
6.23	2.705078125
6.239996	2.6220703125
6.25	2.5439453125
6.26	2.4755859375
6.27	2.44140625
6.28	2.431640625
6.29	2.4365234375
6.3	2.4609375
6.31	2.509765625
6.32	2.5830078125
6.33	2.6708984375
6.34	2.744140625
6.35	2.841796875
6.36	2.9248046875
6.37	3.0126953125
6.38	3.0712890625
6.39	3.1103515625
6.4	3.1494140625
6.41	3.1494140625
6.42	3.1298828125
6.43	3.0810546875
6.44	3.0419921875
6.450004	2.9638671875
6.46	2.8857421875
6.47	2.79296875
6.480004	2.7001953125
6.490004	2.6220703125
6.5	2.5537109375
6.509996	2.4853515625
6.520008	2.4609375
6.53	2.44140625
6.54	2.44140625
6.549996	2.48046875
6.56	2.5341796875
6.57	2.5927734375
6.579996	2.67578125
6.59	2.7490234375
6.6	2.8564453125
6.61	2.919921875
6.62	3.0078125
6.63	3.0615234375
6.64	3.1103515625
6.65	3.1396484375
6.66	3.1396484375
6.67	3.1103515625
6.68	3.0810546875
6.69	3.02734375
6.7	2.94921875
6.71	2.87109375
6.72	2.7880859375
6.73	2.705078125
6.74	2.626953125
6.749996	2.5537109375
6.76	2.5
6.77	2.4658203125
6.78	2.451171875
6.790004	2.451171875
6.8	2.490234375
6.81	2.5390625
6.820004	2.6025390625
6.83	2.6806640625
6.839996	2.75390625
6.85	2.8515625
6.86	2.919921875
6.87	3.0029296875
6.879996	3.0615234375
6.89	3.1005859375
6.9	3.115234375
6.91	3.1298828125
6.92	3.10546875
6.93	3.06640625
6.94	3.017578125
6.95	2.939453125
6.96	2.87109375
6.97	2.7880859375
6.98	2.705078125
6.99	2.626953125
7.0	2.55859375
7.01	2.509765625
7.02	2.4755859375
7.03	2.4560546875
7.04	2.4755859375
7.05	2.490234375
7.06	2.548828125
7.07	2.6171875
7.08	2.67578125
7.090004	2.763671875
7.1	2.8515625
7.11	2.919921875
7.120004	2.998046875
7.130004	3.0517578125
7.14	3.0908203125
7.149996	3.1103515625
7.160008	3.115234375
7.17	3.0908203125
7.18	3.0615234375
7.189996	3.0126953125
7.2	2.9345703125
7.21	2.87109375
7.219996	2.7783203125
7.23	2.7099609375
7.24	2.6318359375
7.25	2.5634765625
7.26	2.5146484375
7.27	2.48046875
7.28	2.4658203125
7.29	2.48046875
7.3	2.5048828125
7.31	2.55859375
7.32	2.626953125
7.33	2.6904296875
7.34	2.763671875
7.35	2.841796875
7.36	2.9150390625
7.37	2.98828125
7.38	3.037109375
7.389996	3.0810546875
7.4	3.1005859375
7.41	3.10546875
7.42	3.0859375
7.430004	3.0517578125
7.44	3.0029296875
7.45	2.9296875
7.460004	2.8662109375
7.47	2.783203125
7.479996	2.71484375
7.49	2.6220703125
7.5	2.5634765625
7.51	2.5244140625
7.519996	2.490234375
7.53	2.48046875
7.54	2.490234375
7.55	2.5244140625
7.56	2.5634765625
7.57	2.6220703125
7.58	2.6953125
7.59	2.7734375
7.6	2.8564453125
7.61	2.919921875
7.62	2.9833984375
7.63	3.0419921875
7.64	3.0810546875
7.65	3.0859375
7.66	3.095703125
7.67	3.0712890625
7.68	3.046875
7.69	2.98828125
7.7	2.919921875
7.71	2.861328125
7.72	2.783203125
7.730004	2.71484375
7.74	2.63671875
7.75	2.578125
7.760004	2.5341796875
7.770004	2.509765625
7.78	2.490234375
7.789996	2.5
7.800008	2.5341796875
7.81	2.578125
7.82	2.63671875
7.829996	2.705078125
7.84	2.7685546875
7.85	2.8564453125
7.859996	2.9150390625
7.87	2.9833984375
7.88	3.0419921875
7.89	3.06640625
7.9	3.0859375
7.91	3.0810546875
7.92	3.0615234375
7.93	3.0322265625
7.94	2.9833984375
7.95	2.91015625
7.96	2.8515625
7.97	2.7783203125
7.98	2.7099609375
7.99	2.646484375
8.0	2.578125
8.01	2.5390625
8.02	2.5146484375
8.029996	2.4951171875
8.04	2.5146484375
8.05	2.5390625
8.06	2.5927734375
8.070004	2.646484375
8.08	2.7099609375
8.09	2.7880859375
8.100004	2.8564453125
8.11	2.9150390625
8.119996	2.96875
8.13	3.0322265625
8.14	3.056640625
8.15	3.0712890625
8.159996	3.076171875
8.17	3.056640625
8.18	3.02734375
8.19	2.9638671875
8.2	2.91015625
8.21	2.8515625
8.22	2.7734375
8.23	2.7099609375
8.24	2.6416015625
8.25	2.587890625
8.26	2.548828125
8.27	2.51953125
8.28	2.5048828125
8.29	2.5146484375
8.3	2.5537109375
8.31	2.59765625
8.32	2.646484375
8.33	2.7099609375
8.34	2.783203125
8.35	2.8662109375
8.36	2.9150390625
8.370004	2.9736328125
8.38	3.02734375
8.39	3.046875
8.400004	3.0712890625
8.410004	3.056640625
8.42	3.0419921875
8.429996	3.017578125
8.440008	2.9541015625
8.45	2.900390625
8.46	2.8466796875
8.469996	2.7685546875
8.48	2.7001953125
8.49	2.6416015625
8.499996	2.587890625
8.51	2.5537109375
8.52	2.529296875
8.53	2.51953125
8.54	2.5341796875
8.55	2.55859375
8.56	2.607421875
8.57	2.65625
8.58	2.7197265625
8.59	2.7880859375
8.6	2.861328125
8.61	2.91015625
8.62	2.9736328125
8.63	3.017578125
8.64	3.0419921875
8.65	3.0517578125
8.66	3.046875
8.669996	3.046875
8.68	2.998046875
8.69	2.9541015625
8.7	2.9052734375
8.710004	2.841796875
8.72	2.763671875
8.73	2.705078125
8.740004	2.6416015625
8.75	2.5927734375
8.759996	2.5634765625
8.77	2.5390625
8.78	2.5341796875
8.79	2.5439453125
8.799996	2.5732421875
8.81	2.6123046875
8.82	2.65625
8.83	2.724609375
8.84	2.7880859375
8.85	2.8564453125
8.86	2.91015625
8.87	2.9638671875
8.88	3.017578125
8.89	3.0419921875
8.9	3.056640625
8.91	3.0419921875
8.92	3.0322265625
8.93	2.998046875
8.94	2.939453125
8.95	2.8857421875
8.96	2.8369140625
8.97	2.763671875
8.98	2.705078125
8.99	2.646484375
9.0	2.59765625
9.010004	2.568359375
9.02	2.5439453125
9.03	2.5439453125
9.040004	2.548828125
9.050004	2.5830078125
9.06	2.6171875
9.069996	2.67578125
9.080008	2.7294921875
9.09	2.7978515625
9.1	2.87109375
9.109996	2.9052734375
9.12	2.96875
9.13	3.0126953125
9.139996	3.037109375
9.15	3.046875
9.16	3.0419921875
9.17	3.02734375
9.18	2.98828125
9.19	2.9345703125
9.2	2.880859375
9.21	2.83203125
9.22	2.75390625
9.23	2.7099609375
9.24	2.646484375
9.25	2.607421875
9.26	2.5634765625
9.27	2.5439453125
9.28	2.5439453125
9.29	2.548828125
9.3	2.5830078125
9.309996	2.6220703125
9.32	2.67578125
9.33	2.7294921875
9.34	2.7978515625
9.350004	2.861328125
9.36	2.91015625
9.37	2.958984375
9.380004	3.0029296875
9.39	3.0322265625
9.399996	3.0322265625
9.41	3.0419921875
9.42	3.017578125
9.43	2.9736328125
9.439996	2.9345703125
9.45	2.880859375
9.46	2.8271484375
9.47	2.75390625
9.48	2.705078125
9.49	2.6416015625
9.5	2.6025390625
9.51	2.5732421875
9.52	2.55859375
9.53	2.5537109375
9.54	2.55859375
9.55	2.6025390625
9.56	2.6318359375
9.57	2.6806640625
9.58	2.7294921875
9.59	2.802734375
9.6	2.8662109375
9.61	2.91015625
9.62	2.958984375
9.63	3.0029296875
9.64	3.0224609375
9.650004	3.02734375
9.66	3.0322265625
9.67	3.0078125
9.680004	2.96875
9.690004	2.9150390625
9.7	2.8759765625
9.709996	2.8271484375
9.720008	2.75390625
9.73	2.7001953125
9.74	2.646484375
9.749996	2.6123046875
9.76	2.5732421875
9.77	2.5634765625
9.779996	2.5634765625
9.79	2.5732421875
9.8	2.607421875
9.81	2.63671875
9.82	2.6904296875
9.83	2.7392578125
9.84	2.8076171875
9.85	2.87109375
9.86	2.9150390625
9.87	2.958984375
9.88	2.998046875
9.89	3.0126953125
9.9	3.0224609375
9.91	3.0224609375
9.92	3.0029296875
9.93	2.9638671875
9.94	2.919921875
9.949996	2.8759765625
9.96	2.822265625
9.97	2.7587890625
9.98	2.705078125
9.990004	2.6513671875
10.0	2.6171875
10.01	2.5830078125
10.020004	2.5634765625
10.03	2.55859375
10.039996	2.578125
10.05	2.6123046875
10.06	2.6416015625
10.07	2.705078125
10.079996	2.744140625
10.09	2.8125
10.1	2.87109375
10.11	2.91015625
10.12	2.94921875
10.13	2.9931640625
10.14	3.0126953125
10.15	3.0224609375
10.16	3.0126953125
10.17	2.98828125
10.18	2.958984375
10.19	2.91015625
10.2	2.87109375
10.21	2.8173828125
10.22	2.75390625
10.23	2.7099609375
10.24	2.6513671875
10.25	2.6171875
10.26	2.5830078125
10.27	2.578125
10.28	2.5732421875
10.290004	2.587890625
10.3	2.6171875
10.31	2.6513671875
10.320004	2.7001953125
10.330004	2.7490234375
10.34	2.8125
10.349996	2.8662109375
10.360008	2.900390625
10.37	2.94921875
10.38	2.98828125
10.389996	3.0126953125
10.4	3.0126953125
10.41	3.0029296875
10.419996	2.98828125
10.43	2.939453125
10.44	2.9052734375
10.45	2.87109375
10.46	2.8076171875
10.47	2.75390625
10.48	2.705078125
10.49	2.65625
10.5	2.626953125
10.51	2.5927734375
10.52	2.578125
10.53	2.578125
10.54	2.5927734375
10.55	2.6171875
10.56	2.6611328125
10.57	2.7099609375
10.58	2.7587890625
10.589996	2.822265625
10.6	2.87109375
10.61	2.9052734375
10.62	2.9541015625
10.630004	2.98828125
10.64	3.0029296875
10.65	3.017578125
10.660004	3.0078125
10.67	2.978515625
10.679996	2.9443359375
10.69	2.9052734375
10.7	2.861328125
10.71	2.802734375
10.719996	2.75390625
10.73	2.7001953125
10.74	2.65625
10.75	2.6220703125
10.76	2.59765625
10.77	2.578125
10.78	2.578125
10.79	2.59765625
10.8	2.626953125
10.81	2.6611328125
10.82	2.7099609375
10.83	2.763671875
10.84	2.8125
10.85	2.87109375
10.86	2.9150390625
10.87	2.9443359375
10.88	2.978515625
10.89	2.998046875
10.9	3.0078125
10.91	3.0029296875
10.92	2.96875
10.930004	2.9345703125
10.94	2.900390625
10.95	2.8564453125
10.960004	2.802734375
10.970004	2.75390625
10.98	2.705078125
10.989996	2.6513671875
11.000008	2.626953125
11.01	2.6025390625
11.02	2.5927734375
11.029996	2.5927734375
11.04	2.6123046875
11.05	2.626953125
11.059996	2.67578125
11.07	2.7099609375
11.08	2.763671875
11.09	2.8173828125
11.1	2.8662109375
11.11	2.9052734375
11.12	2.9345703125
11.13	2.96875
11.14	2.9931640625
11.15	2.9931640625
11.16	2.9833984375
11.17	2.96875
11.18	2.9296875
11.19	2.890625
11.2	2.8515625
11.21	2.7978515625
11.22	2.7490234375
11.229996	2.7001953125
11.24	2.65625
11.25	2.6171875
11.26	2.6123046875
11.270004	2.59765625
11.28	2.6025390625
11.29	2.607421875
11.300004	2.6416015625
11.31	2.6806640625
11.319996	2.724609375
11.33	2.7685546875
11.34	2.822265625
11.35	2.87109375
11.359996	2.91015625
11.37	2.9443359375
11.38	2.96875
11.39	2.9931640625
11.4	2.998046875
11.41	2.978515625
11.42	2.9541015625
11.43	2.9296875
11.44	2.890625
11.45	2.8515625
11.46	2.7978515625
11.47	2.744140625
11.48	2.705078125
11.49	2.6611328125
11.5	2.6318359375
11.51	2.607421875
11.52	2.6025390625
11.53	2.6025390625
11.54	2.6171875
11.55	2.6416015625
11.56	2.6806640625
11.570004	2.7294921875
11.58	2.7685546875
11.59	2.8271484375
11.600004	2.8662109375
11.610004	2.900390625
11.62	2.939453125
11.629996	2.9638671875
11.640008	2.98828125
11.65	2.9833984375
11.66	2.9736328125
11.669996	2.9541015625
11.68	2.9150390625
11.69	2.8857421875
11.699996	2.841796875
11.71	2.79296875
11.72	2.744140625
11.73	2.705078125
11.74	2.6611328125
11.75	2.626953125
11.76	2.6171875
11.77	2.607421875
11.78	2.6123046875
11.79	2.6171875
11.8	2.646484375
11.81	2.685546875
11.82	2.7294921875
11.83	2.7734375
11.84	2.8271484375
11.85	2.87109375
11.86	2.9052734375
11.869996	2.9345703125
11.88	2.9638671875
11.89	2.98828125
11.9	2.9736328125
11.910004	2.96875
11.92	2.9345703125
11.93	2.919921875
11.940004	2.880859375
11.95	2.83203125
11.959996	2.79296875
11.97	2.734375
11.98	2.705078125
11.99	2.6611328125
11.999996	2.63671875
12.01	2.6220703125
12.02	2.6123046875
12.03	2.6171875
12.04	2.626953125
12.05	2.65625
12.06	2.6953125
12.07	2.734375
12.08	2.7783203125
12.09	2.8369140625
12.1	2.87109375
12.11	2.91015625
12.12	2.939453125
12.13	2.958984375
12.14	2.9736328125
12.15	2.96875
12.16	2.958984375
12.17	2.9345703125
12.18	2.91015625
12.19	2.8759765625
12.2	2.83203125
12.210004	2.7880859375
12.22	2.744140625
12.23	2.705078125
12.240004	2.65625
12.250004	2.63671875
12.26	2.6220703125
12.269996	2.6171875
12.280008	2.6220703125
12.29	2.6416015625
12.3	2.6611328125
12.309996	2.7001953125
12.32	2.7392578125
12.33	2.7783203125
12.339996	2.83203125
12.35	2.8662109375
12.36	2.9052734375
12.37	2.9345703125
12.38	2.958984375
12.39	2.9736328125
12.4	2.9638671875
12.41	2.958984375
12.42	2.9296875
12.43	2.9052734375
12.44	2.8662109375
12.45	2.83203125
12.46	2.783203125
12.47	2.7392578125
12.48	2.7099609375
12.49	2.666015625
12.5	2.6416015625
12.509996	2.6220703125
12.52	2.6171875
12.53	2.6171875
12.54	2.646484375
12.550004	2.6611328125
12.56	2.7099609375
12.57	2.7392578125
12.580004	2.783203125
12.59	2.83203125
12.599996	2.8759765625
12.61	2.900390625
12.62	2.9248046875
12.63	2.9541015625
12.639996	2.958984375
12.65	2.96875
12.66	2.9541015625
12.67	2.9296875
12.68	2.900390625
12.69	2.8662109375
12.7	2.83203125
12.71	2.7734375
12.72	2.744140625
12.73	2.7001953125
12.74	2.666015625
12.75	2.646484375
12.76	2.6171875
12.77	2.6220703125
12.78	2.626953125
12.79	2.646484375
12.8	2.6708984375
12.81	2.71484375
12.82	2.7392578125
12.83	2.79296875
12.84	2.83203125
12.850004	2.87109375
12.86	2.900390625
12.87	2.9345703125
12.880004	2.94921875
12.890004	2.9638671875
12.9	2.9541015625
12.909996	2.9443359375
12.920008	2.9248046875
12.93	2.900390625
12.94	2.8662109375
12.949996	2.8271484375
12.96	2.7734375
12.97	2.7392578125
12.979996	2.705078125
12.99	2.666015625
13.0	2.6416015625
13.01	2.6318359375
13.02	2.626953125
13.03	2.63671875
13.04	2.6513671875
13.05	2.6708984375
13.06	2.7197265625
13.07	2.7490234375
13.08	2.79296875
13.09	2.83203125
13.1	2.8759765625
13.11	2.9052734375
13.12	2.9296875
13.13	2.9443359375
13.14	2.94921875
13.149996	2.958984375
13.16	2.939453125
13.17	2.9150390625
13.18	2.890625
13.190004	2.8662109375
13.2	2.822265625
13.21	2.7734375
13.220004	2.734375
13.23	2.705078125
13.239996	2.666015625
13.25	2.63671875
13.26	2.63671875
13.27	2.6318359375
13.279996	2.6416015625
13.29	2.65625
13.3	2.6806640625
13.31	2.724609375
13.32	2.75390625
13.33	2.802734375
13.34	2.8369140625
13.35	2.8759765625
13.36	2.900390625
13.37	2.9248046875
13.38	2.9443359375
13.39	2.94921875
13.4	2.94921875
13.41	2.9345703125
13.42	2.91015625
13.43	2.880859375
13.44	2.861328125
13.45	2.8125
13.46	2.7734375
13.47	2.734375
13.48	2.705078125
13.490004	2.6708984375
13.5	2.646484375
13.51	2.6318359375
13.520004	2.63671875
13.530004	2.646484375
13.54	2.65625
13.549996	2.6904296875
13.560008	2.7197265625
13.57	2.75390625
13.58	2.802734375
13.589996	2.8369140625
13.6	2.8759765625
13.61	2.900390625
13.619996	2.9296875
13.63	2.9443359375
13.64	2.94921875
13.65	2.9443359375
13.66	2.9248046875
13.67	2.9052734375
13.68	2.880859375
13.69	2.8515625
13.7	2.8125
13.71	2.7685546875
13.72	2.734375
13.73	2.705078125
13.74	2.6708984375
13.75	2.646484375
13.76	2.63671875
13.77	2.63671875
13.78	2.6513671875
13.789996	2.6611328125
13.8	2.6953125
13.81	2.724609375
13.82	2.7587890625
13.830004	2.7978515625
13.84	2.8466796875
13.85	2.8759765625
13.860004	2.9052734375
13.87	2.9296875
13.879996	2.939453125
13.89	2.94921875
13.9	2.939453125
13.91	2.9296875
13.919996	2.91015625
13.93	2.8759765625
13.94	2.8515625
13.95	2.802734375
13.96	2.763671875
13.97	2.7294921875
13.98	2.7001953125
13.99	2.6611328125
14.0	2.6513671875
14.01	2.646484375
14.02	2.6416015625
14.03	2.6513671875
14.04	2.6611328125
14.05	2.705078125
14.06	2.7294921875
14.07	2.763671875
14.08	2.802734375
14.09	2.8515625
14.1	2.8759765625
14.11	2.900390625
14.12	2.9296875
14.130004	2.9345703125
14.14	2.9443359375
14.15	2.9345703125
14.160004	2.919921875
14.170004	2.900390625
14.18	2.880859375
14.189996	2.8515625
14.200008	2.7978515625
14.21	2.763671875
14.22	2.7294921875
14.229996	2.7001953125
14.24	2.6708984375
14.25	2.65625
14.259996	2.646484375
14.27	2.646484375
14.28	2.6513671875
14.29	2.6708984375
14.3	2.705078125
14.31	2.7294921875
14.32	2.7685546875
14.33	2.8125
14.34	2.8515625
14.35	2.880859375
14.36	2.900390625
14.37	2.9296875
14.38	2.939453125
14.39	2.939453125
14.4	2.9296875
14.41	2.919921875
14.42	2.900390625
14.429996	2.8759765625
14.44	2.8369140625
14.45	2.7978515625
14.46	2.763671875
14.470004	2.724609375
14.48	2.7001953125
14.49	2.666015625
14.500004	2.65625
14.51	2.646484375
14.519996	2.646484375
14.53	2.6513671875
14.54	2.6806640625
14.55	2.7099609375
14.559996	2.734375
14.57	2.7685546875
14.58	2.8076171875
14.59	2.8515625
14.6	2.8759765625
14.61	2.9052734375
14.62	2.919921875
14.63	2.9248046875
14.64	2.9345703125
14.65	2.9248046875
14.66	2.919921875
14.67	2.890625
14.68	2.87109375
14.69	2.83203125
14.7	2.79296875
14.71	2.75390625
14.72	2.724609375
14.73	2.7001953125
14.74	2.666015625
14.75	2.6513671875
14.76	2.646484375
14.770004	2.6513671875
14.78	2.6513671875
14.79	2.6806640625
14.800004	2.71484375
14.810004	2.7392578125
14.82	2.783203125
14.829996	2.8125
14.840008	2.8515625
14.85	2.8759765625
14.86	2.9052734375
14.869996	2.919921875
14.88	2.9296875
14.89	2.9248046875
14.899996	2.9296875
14.91	2.91015625
14.92	2.890625
14.93	2.8662109375
14.94	2.83203125
14.95	2.7978515625
14.96	2.75390625
14.97	2.7294921875
14.98	2.7001953125
14.99	2.67578125
15.0	2.65625
15.01	2.6513671875
15.02	2.646484375
15.03	2.65625
15.04	2.685546875
15.05	2.7197265625
15.06	2.7392578125
15.069996	2.7783203125
15.08	2.8271484375
15.09	2.861328125
15.1	2.880859375
15.110004	2.900390625
15.12	2.9248046875
15.13	2.9248046875
15.140004	2.9248046875
15.15	2.919921875
15.159996	2.9052734375
15.17	2.8857421875
15.18	2.8662109375
15.19	2.83203125
15.199996	2.7978515625
15.21	2.7490234375
15.22	2.71484375
15.23	2.6953125
15.24	2.6708984375
15.25	2.65625
15.26	2.6513671875
15.27	2.65625
15.28	2.666015625
15.29	2.6953125
15.3	2.7197265625
15.31	2.744140625
15.32	2.7734375
15.33	2.822265625
15.34	2.8564453125
15.35	2.8857421875
15.36	2.900390625
15.37	2.9150390625
15.38	2.9296875
15.39	2.9248046875
15.4	2.919921875
15.410004	2.8955078125
15.42	2.880859375
15.43	2.8515625
15.440004	2.83203125
15.450004	2.783203125
15.46	2.7490234375
15.469996	2.724609375
15.480008	2.6953125
15.49	2.67578125
15.5	2.65625
15.509996	2.65625
15.52	2.65625
15.53	2.666015625
15.539996	2.6953125
15.55	2.7197265625
15.56	2.75390625
15.57	2.783203125
15.58	2.83203125
15.59	2.861328125
15.6	2.880859375
15.61	2.8955078125
15.62	2.9150390625
15.63	2.919921875
15.64	2.919921875
15.65	2.919921875
15.66	2.9052734375
15.67	2.8759765625
15.68	2.8515625
15.69	2.8173828125
15.7	2.7880859375
15.709996	2.75390625
15.72	2.7197265625
15.73	2.7001953125
15.74	2.6806640625
15.750004	2.6611328125
15.76	2.666015625
15.77	2.65625
15.780004	2.6806640625
15.79	2.705078125
15.799996	2.724609375
15.81	2.7587890625
15.82	2.79296875
15.83	2.8271484375
15.839996	2.8564453125
15.85	2.8857421875
15.86	2.8955078125
15.87	2.9150390625
15.88	2.9248046875
15.89	2.919921875
15.9	2.91015625
15.91	2.8955078125
15.92	2.87109375
15.93	2.8564453125
15.94	2.822265625
15.95	2.783203125
15.96	2.7490234375
15.97	2.724609375
15.98	2.705078125
15.99	2.67578125
16.0	2.6611328125
16.01	2.6611328125
16.02	2.6611328125
16.03	2.685546875
16.04	2.7001953125
16.050004	2.734375
16.06	2.7587890625
16.07	2.7978515625
16.080004	2.83203125
16.090004	2.861328125
16.1	2.8857421875
16.109996	2.900390625
16.120008	2.919921875
16.13	2.9150390625
16.14	2.919921875
16.149996	2.9052734375
16.16	2.8955078125
16.17	2.880859375
16.179996	2.8515625
16.19	2.822265625
16.2	2.7783203125
16.21	2.7490234375
16.22	2.7197265625
16.23	2.7001953125
16.24	2.6708984375
16.25	2.6708984375
16.26	2.666015625
16.27	2.67578125
16.28	2.685546875
16.29	2.705078125
16.3	2.734375
16.31	2.763671875
16.32	2.802734375
16.33	2.83203125
16.34	2.8564453125
16.349996	2.880859375
16.36	2.900390625
16.37	2.91015625
16.38	2.919921875
16.390004	2.9150390625
16.4	2.900390625
16.41	2.890625
16.420004	2.8662109375
16.43	2.8515625
16.439996	2.8173828125
16.45	2.7734375
16.46	2.744140625
16.47	2.71484375
16.479996	2.7001953125
16.49	2.67578125
16.5	2.6708984375
16.51	2.6611328125
16.52	2.67578125
16.53	2.6953125
16.54	2.7099609375
16.55	2.734375
16.56	2.763671875
16.57	2.7978515625
16.58	2.83203125
16.59	2.8662109375
16.6	2.8857421875
16.61	2.900390625
16.62	2.91015625
16.63	2.91015625
16.64	2.91015625
16.65	2.900390625
16.66	2.8857421875
16.67	2.87109375
16.68	2.841796875
16.690004	2.8076171875
16.7	2.7734375
16.71	2.744140625
16.720004	2.71484375
16.730004	2.7001953125
16.74	2.6806640625
16.749996	2.6708984375
16.760008	2.6708984375
16.77	2.6708984375
16.78	2.6953125
16.789996	2.7197265625
16.8	2.734375
16.81	2.7685546875
16.819996	2.8125
16.83	2.8369140625
16.84	2.87109375
16.85	2.880859375
16.86	2.9052734375
16.87	2.9150390625
16.88	2.9150390625
16.89	2.9150390625
16.9	2.8955078125
16.91	2.880859375
16.92	2.8662109375
16.93	2.8369140625
16.94	2.7978515625
16.95	2.7734375
16.96	2.7392578125
16.97	2.724609375
16.98	2.705078125
16.989996	2.6806640625
17.0	2.666015625
17.01	2.67578125
17.02	2.6806640625
17.030004	2.6953125
17.04	2.7197265625
17.05	2.7392578125
17.060004	2.7734375
17.07	2.8076171875
17.079996	2.83203125
17.09	2.87109375
17.1	2.8857421875
17.11	2.900390625
17.119996	2.9052734375
17.13	2.900390625
17.14	2.900390625
17.15	2.8955078125
17.16	2.880859375
17.17	2.8662109375
17.18	2.841796875
17.19	2.7978515625
17.2	2.7734375
17.21	2.734375
17.22	2.7197265625
17.23	2.6953125
17.24	2.685546875
17.25	2.6806640625
17.26	2.6708984375
17.27	2.6806640625
17.28	2.705078125
17.29	2.7197265625
17.3	2.7392578125
17.31	2.7783203125
17.32	2.8076171875
17.330004	2.8369140625
17.34	2.87109375
17.35	2.8759765625
17.360004	2.900390625
17.370004	2.900390625
17.38	2.9052734375
17.389996	2.900390625
17.400008	2.8955078125
17.41	2.8857421875
17.42	2.8662109375
17.429996	2.8271484375
17.44	2.79296875
17.45	2.7685546875
17.459996	2.734375
17.47	2.7197265625
17.48	2.705078125
17.49	2.6806640625
17.5	2.6806640625
17.51	2.6708984375
17.52	2.685546875
17.53	2.7099609375
17.54	2.7294921875
17.55	2.7392578125
17.56	2.7734375
17.57	2.8125
17.58	2.841796875
17.59	2.8662109375
17.6	2.8857421875
17.61	2.900390625
17.62	2.9052734375
17.629996	2.91015625
17.64	2.900390625
17.65	2.890625
17.66	2.87109375
17.670004	2.861328125
17.68	2.83203125
17.69	2.802734375
17.700004	2.763671875
17.71	2.7294921875
17.719996	2.71484375
17.73	2.6953125
17.74	2.6904296875
17.75	2.6806640625
17.759996	2.6806640625
17.77	2.6904296875
17.78	2.7099609375
17.79	2.7294921875
17.8	2.75390625
17.81	2.7783203125
17.82	2.8076171875
17.83	2.8515625
17.84	2.8759765625
17.85	2.880859375
17.86	2.8955078125
17.87	2.890625
17.88	2.9052734375
17.89	2.8955078125
17.9	2.890625
17.91	2.87109375
17.92	2.8466796875
17.93	2.822265625
17.94	2.79296875
17.95	2.7685546875
17.96	2.7392578125
17.970004	2.7197265625
17.98	2.6953125
17.99	2.6904296875
18.000004	2.6806640625
18.010004	2.6806640625
18.02	2.6953125
18.029996	2.7197265625
18.040008	2.734375
18.05	2.75390625
18.06	2.7880859375
18.069996	2.8125
18.08	2.8515625
18.09	2.8662109375
18.099996	2.8857421875
18.11	2.8857421875
18.12	2.9052734375
18.13	2.9052734375
18.14	2.900390625
18.15	2.890625
18.16	2.87109375
18.17	2.8515625
18.18	2.8173828125
18.19	2.7978515625
18.2	2.7587890625
18.21	2.744140625
18.22	2.7197265625
18.23	2.7099609375
18.24	2.6904296875
18.25	2.685546875
18.26	2.685546875
18.269996	2.6953125
18.28	2.7197265625
18.29	2.734375
18.3	2.7587890625
18.310004	2.79296875
18.32	2.822265625
18.33	2.8515625
18.340004	2.87109375
18.35	2.880859375
18.359996	2.8955078125
18.37	2.8955078125
18.38	2.8955078125
18.39	2.900390625
18.399996	2.8857421875
18.41	2.8662109375
18.42	2.8466796875
18.43	2.822265625
18.44	2.79296875
18.45	2.763671875
18.46	2.734375
18.47	2.71484375
18.48	2.7001953125
18.49	2.6904296875
18.5	2.685546875
18.51	2.685546875
18.52	2.7001953125
18.53	2.7197265625
18.54	2.7392578125
18.55	2.763671875
18.56	2.79296875
18.57	2.822265625
18.58	2.8515625
18.59	2.87109375
18.6	2.880859375
18.610004	2.8955078125
18.62	2.900390625
18.63	2.9052734375
18.640004	2.8955078125
18.650004	2.880859375
18.66	2.8759765625
18.669996	2.841796875
18.680008	2.822265625
18.69	2.783203125
18.7	2.75390625
18.709996	2.7392578125
18.72	2.71484375
18.73	2.705078125
18.739996	2.6806640625
18.75	2.685546875
18.76	2.6953125
18.77	2.7099609375
18.78	2.7197265625
18.79	2.734375
18.8	2.7685546875
18.81	2.79296875
18.82	2.822265625
18.83	2.841796875
18.84	2.87109375
18.85	2.880859375
18.86	2.8955078125
18.87	2.900390625
18.88	2.9052734375
18.89	2.8857421875
18.9	2.87109375
18.909996	2.861328125
18.92	2.841796875
18.93	2.8173828125
18.94	2.7880859375
18.950004	2.7587890625
18.96	2.734375
18.97	2.7099609375
18.980004	2.7001953125
18.99	2.6904296875
18.999996	2.6904296875
19.01	2.6904296875
19.02	2.7099609375
19.03	2.7197265625
19.039996	2.7392578125
19.05	2.763671875
19.06	2.79296875
19.07	2.8271484375
19.08	2.8515625
19.09	2.8759765625
19.1	2.8857421875
19.11	2.8857421875
19.12	2.9052734375
19.13	2.900390625
19.14	2.890625
19.15	2.8759765625
19.16	2.861328125
19.17	2.841796875
19.18	2.802734375
19.19	2.783203125
19.2	2.7587890625
19.21	2.734375
19.22	2.71484375
19.23	2.7099609375
19.24	2.6904296875
19.250004	2.6953125
19.26	2.6953125
19.27	2.71484375
19.280004	2.724609375
19.290004	2.744140625
19.3	2.7734375
19.309996	2.7978515625
19.320008	2.8369140625
19.33	2.8466796875
19.34	2.87109375
19.349996	2.880859375
19.36	2.8955078125
19.37	2.8955078125
19.379996	2.8955078125
19.39	2.880859375
19.4	2.8759765625
19.41	2.8662109375
19.42	2.83203125
19.43	2.8076171875
19.44	2.7734375
19.45	2.7490234375
19.46	2.7294921875
19.47	2.71484375
19.48	2.705078125
19.49	2.6904296875
19.5	2.6953125
19.51	2.705078125
19.52	2.71484375
19.53	2.7294921875
19.54	2.75390625
19.549996	2.7734375
19.56	2.802734375
19.57	2.8271484375
19.58	2.8564453125
19.590004	2.8759765625
19.6	2.8857421875
19.61	2.8955078125
19.620004	2.8955078125
19.63	2.890625
19.639996	2.8759765625
19.65	2.87109375
19.66	2.8515625
19.67	2.83203125
19.679996	2.8076171875
19.69	2.7734375
19.7	2.75390625
19.71	2.724609375
19.72	2.71484375
19.73	2.7001953125
19.74	2.6953125
19.75	2.7001953125
19.76	2.7001953125
19.77	2.7099609375
19.78	2.7294921875
19.79	2.75390625
19.8	2.7734375
19.81	2.802734375
19.82	2.8271484375
19.83	2.8564453125
19.84	2.87109375
19.85	2.880859375
19.86	2.890625
19.87	2.890625
19.88	2.8857421875
19.890004	2.8759765625
19.9	2.87109375
19.91	2.8466796875
19.920004	2.8271484375
19.930004	2.802734375
19.94	2.7685546875
19.949996	2.7490234375
19.960008	2.7294921875
19.97	2.7099609375
19.98	2.7001953125
19.989996	2.705078125
20.0	2.7001953125
20.01	2.705078125
20.019996	2.7197265625
20.03	2.734375
20.04	2.75390625
20.05	2.7783203125
20.06	2.8076171875
20.07	2.83203125
20.08	2.8564453125
20.09	2.861328125
20.1	2.8857421875
20.11	2.8955078125
20.12	2.880859375
20.13	2.890625
20.14	2.8759765625
20.15	2.87109375
20.16	2.841796875
20.17	2.8271484375
20.18	2.7978515625
20.189996	2.7783203125
20.2	2.75390625
20.21	2.7294921875
20.22	2.71484375
20.230004	2.7001953125
20.24	2.705078125
20.25	2.705078125
20.260004	2.71484375
20.27	2.724609375
20.279996	2.7392578125
20.29	2.7587890625
20.3	2.783203125
20.31	2.802734375
20.319996	2.83203125
20.33	2.861328125
20.34	2.861328125
20.35	2.880859375
20.36	2.890625
20.37	2.8857421875
20.38	2.8857421875
20.39	2.8759765625
20.4	2.8759765625
20.41	2.841796875
20.42	2.8271484375
20.43	2.79296875
20.44	2.7734375
20.45	2.744140625
20.46	2.7294921875
20.47	2.7197265625
20.48	2.705078125
20.49	2.7001953125
20.5	2.7001953125
20.51	2.71484375
20.52	2.7197265625
20.530004	2.7392578125
20.54	2.7587890625
20.55	2.7880859375
20.560004	2.822265625
20.570004	2.83203125
20.58	2.861328125
20.589996	2.87109375
20.600008	2.880859375
20.61	2.890625
20.62	2.880859375
20.629996	2.880859375
20.64	2.8759765625
20.65	2.8662109375
20.659996	2.8369140625
20.67	2.822265625
20.68	2.7880859375
20.69	2.7587890625
20.7	2.7392578125
20.71	2.7294921875
20.72	2.7099609375
20.73	2.71484375
20.74	2.705078125
20.75	2.7099609375
20.76	2.7197265625
20.77	2.7197265625
20.78	2.7392578125
20.79	2.75390625
20.8	2.79296875
20.81	2.8173828125
20.82	2.8369140625
20.829996	2.861328125
20.84	2.87109375
20.85	2.8857421875
20.86	2.8857421875
20.870004	2.880859375
20.88	2.880859375
20.89	2.87109375
20.900004	2.861328125
20.91	2.841796875
20.919996	2.8173828125
20.93	2.7880859375
20.94	2.763671875
20.95	2.744140625
20.959996	2.7294921875
20.97	2.71484375
20.98	2.7099609375
20.99	2.7099609375
21.0	2.7099609375
21.01	2.71484375
21.02	2.724609375
21.03	2.744140625
21.04	2.75390625
21.05	2.7978515625
21.06	2.8173828125
21.07	2.8466796875
21.08	2.8564453125
21.09	2.87109375
21.1	2.880859375
21.11	2.880859375
21.12	2.8857421875
21.13	2.87109375
21.14	2.8759765625
21.15	2.8515625
21.16	2.8369140625
21.170004	2.822265625
21.18	2.79296875
21.19	2.7587890625
21.200004	2.734375
21.210004	2.724609375
21.22	2.7099609375
21.229996	2.7099609375
21.240008	2.7099609375
21.25	2.7099609375
21.26	2.7197265625
21.269996	2.7294921875
21.28	2.7490234375
21.29	2.7587890625
21.299996	2.7880859375
21.31	2.8173828125
21.32	2.841796875
21.33	2.8662109375
21.34	2.87109375
21.35	2.8857421875
21.36	2.880859375
21.37	2.8857421875
21.38	2.8662109375
21.39	2.87109375
21.4	2.8564453125
21.41	2.8369140625
21.42	2.8076171875
21.43	2.7880859375
21.44	2.763671875
21.45	2.744140625
21.46	2.724609375
21.469996	2.71484375
21.48	2.7099609375
21.49	2.7099609375
21.5	2.71484375
21.510004	2.71484375
21.52	2.734375
21.53	2.744140625
21.540004	2.7734375
21.55	2.7978515625
21.559996	2.822265625
21.57	2.8466796875
21.58	2.861328125
21.59	2.8759765625
21.599996	2.880859375
21.61	2.880859375
21.62	2.880859375
21.63	2.8759765625
21.64	2.8662109375
21.65	2.8515625
21.66	2.8369140625
21.67	2.802734375
21.68	2.7880859375
21.69	2.7587890625
21.7	2.734375
21.71	2.7294921875
21.72	2.71484375
21.73	2.7099609375
21.74	2.705078125
21.75	2.71484375
21.76	2.71484375
21.77	2.734375
21.78	2.75390625
21.79	2.7685546875
21.8	2.79296875
21.810004	2.822265625
21.82	2.8466796875
21.83	2.861328125
21.840004	2.87109375
21.850004	2.8759765625
21.86	2.880859375
21.869996	2.87109375
21.880008	2.880859375
21.89	2.861328125
21.9	2.8515625
21.909996	2.8271484375
21.92	2.8076171875
21.93	2.783203125
21.939996	2.7587890625
21.95	2.7392578125
21.96	2.7197265625
21.97	2.7197265625
21.98	2.71484375
21.99	2.7197265625
22.0	2.7197265625
22.01	2.724609375
22.02	2.7392578125
22.03	2.75390625
22.04	2.7783203125
22.05	2.7978515625
22.06	2.822265625
22.07	2.8466796875
22.08	2.8564453125
22.09	2.8759765625
22.1	2.880859375
22.109996	2.8759765625
22.12	2.8759765625
22.13	2.8759765625
22.14	2.861328125
22.150004	2.8515625
22.16	2.8173828125
22.17	2.802734375
22.180004	2.7783203125
22.19	2.75390625
22.199996	2.734375
22.21	2.724609375
22.22	2.7197265625
22.23	2.7099609375
22.239996	2.71484375
22.25	2.7099609375
22.26	2.7197265625
22.27	2.7392578125
22.28	2.75390625
22.29	2.783203125
22.3	2.802734375
22.31	2.83203125
22.32	2.8466796875
22.33	2.87109375
22.34	2.87109375
22.35	2.8857421875
22.36	2.880859375
22.37	2.8759765625
22.38	2.87109375
22.39	2.861328125
22.4	2.841796875
22.41	2.822265625
22.42	2.802734375
22.43	2.7734375
22.44	2.75390625
22.450004	2.7392578125
22.46	2.7197265625
22.47	2.7197265625
22.480004	2.7099609375
22.490004	2.71484375
22.5	2.7197265625
22.509996	2.7294921875
22.520008	2.734375
22.53	2.7587890625
22.54	2.7880859375
22.549996	2.8125
22.56	2.8369140625
22.57	2.8466796875
22.579996	2.8759765625
22.59	2.87109375
22.6	2.8759765625
22.61	2.8759765625
22.62	2.8759765625
22.63	2.8662109375
22.64	2.8564453125
22.65	2.8466796875
22.66	2.822265625
22.67	2.7978515625
22.68	2.7783203125
22.69	2.75390625
22.7	2.7392578125
22.71	2.7294921875
22.72	2.7197265625
22.73	2.7099609375
22.74	2.71484375
22.749996	2.7197265625
22.76	2.734375
22.77	2.744140625
22.78	2.763671875
22.790004	2.783203125
22.8	2.8125
22.81	2.8369140625
22.820004	2.8466796875
22.83	2.8662109375
22.839996	2.8662109375
22.85	2.8759765625
22.86	2.880859375
22.87	2.8759765625
22.879996	2.87109375
22.89	2.8564453125
22.9	2.8369140625
22.91	2.8173828125
22.92	2.7978515625
22.93	2.7734375
22.94	2.75390625
22.95	2.734375
22.96	2.7294921875
22.97	2.71484375
22.98	2.7099609375
22.99	2.7197265625
23.0	2.724609375
23.01	2.734375
23.02	2.75390625
23.03	2.763671875
23.04	2.783203125
23.05	2.8076171875
23.06	2.83203125
23.07	2.8515625
23.08	2.861328125
23.090004	2.87109375
23.1	2.8662109375
23.11	2.8759765625
23.120004	2.87109375
23.130004	2.8662109375
23.14	2.861328125
23.149996	2.8369140625
23.160008	2.822265625
23.17	2.79296875
23.18	2.7734375
23.189996	2.75390625
23.2	2.734375
23.21	2.7197265625
23.219996	2.7099609375
23.23	2.7197265625
23.24	2.7197265625
23.25	2.724609375
23.26	2.734375
23.27	2.75390625
23.28	2.7685546875
23.29	2.7880859375
23.3	2.8125
23.31	2.8271484375
23.32	2.8515625
23.33	2.861328125
23.34	2.8662109375
23.35	2.880859375
23.36	2.87109375
23.37	2.8662109375
23.38	2.861328125
23.389996	2.841796875
23.4	2.8369140625
23.41	2.8125
23.42	2.783203125
23.430004	2.7685546875
23.44	2.75390625
23.45	2.734375
23.460004	2.7294921875
23.47	2.71484375
23.479996	2.724609375
23.49	2.7197265625
23.5	2.734375
23.51	2.7392578125
23.519996	2.7490234375
23.53	2.7783203125
23.54	2.79296875
23.55	2.8125
23.56	2.83203125
23.57	2.8515625
23.58	2.861328125
23.59	2.8759765625
23.6	2.87109375
23.61	2.8759765625
23.62	2.880859375
23.63	2.8564453125
23.64	2.8466796875
23.65	2.8271484375
23.66	2.8125
23.67	2.783203125
23.68	2.7685546875
23.69	2.7490234375
23.7	2.734375
23.71	2.7294921875
23.72	2.71484375
23.730004	2.724609375
23.74	2.724609375
23.75	2.7294921875
23.760004	2.7294921875
23.770004	2.75390625
23.78	2.7734375
23.789996	2.79296875
23.800008	2.822265625
23.81	2.8369140625
23.82	2.8515625
23.829996	2.8662109375
23.84	2.8759765625
23.85	2.8759765625
23.859996	2.880859375
23.87	2.8662109375
23.88	2.861328125
23.89	2.8515625
23.9	2.8271484375
23.91	2.8076171875
23.92	2.7783203125
23.93	2.763671875
23.94	2.744140625
23.95	2.7392578125
23.96	2.724609375
23.97	2.7197265625
23.98	2.7197265625
23.99	2.7197265625
24.0	2.7294921875
24.01	2.744140625
24.02	2.7587890625
24.029996	2.7734375
24.04	2.7978515625
24.05	2.822265625
24.06	2.8369140625
24.070004	2.8564453125
24.08	2.861328125
24.09	2.87109375
24.100004	2.8759765625
24.11	2.87109375
24.119996	2.8662109375
24.13	2.8515625
24.14	2.841796875
24.15	2.8271484375
24.159996	2.8076171875
24.17	2.783203125
24.18	2.7587890625
24.19	2.744140625
24.2	2.7392578125
24.21	2.724609375
24.22	2.7197265625
24.23	2.724609375
24.24	2.7294921875
24.25	2.734375
24.26	2.7392578125
24.27	2.763671875
24.28	2.7734375
24.29	2.802734375
24.3	2.822265625
24.31	2.841796875
24.32	2.8515625
24.33	2.8662109375
24.34	2.8759765625
24.35	2.87109375
24.36	2.8662109375
24.370004	2.861328125
24.38	2.861328125
24.39	2.8369140625
24.400004	2.8271484375
24.410004	2.802734375
24.42	2.783203125
24.429996	2.763671875
24.440008	2.744140625
24.45	2.7392578125
24.46	2.724609375
24.469996	2.724609375
24.48	2.7099609375
24.49	2.7294921875
24.499996	2.7294921875
24.51	2.7490234375
24.52	2.763671875
24.53	2.7783203125
24.54	2.802734375
24.55	2.8125
24.56	2.841796875
24.57	2.8466796875
24.58	2.87109375
24.59	2.8662109375
24.6	2.87109375
24.61	2.87109375
24.62	2.8564453125
24.63	2.8564453125
24.64	2.8369140625
24.65	2.8173828125
24.66	2.7978515625
24.669996	2.7783203125
24.68	2.763671875
24.69	2.744140625
24.7	2.7294921875
24.710004	2.7294921875
24.72	2.724609375
24.73	2.7197265625
24.740004	2.7294921875
24.75	2.7392578125
24.759996	2.744140625
24.77	2.763671875
24.78	2.783203125
24.79	2.8076171875
24.799996	2.8173828125
24.81	2.8466796875
24.82	2.8564453125
24.83	2.87109375
24.84	2.87109375
24.85	2.87109375
24.86	2.8662109375
24.87	2.8662109375
24.88	2.8515625
24.89	2.83203125
24.9	2.8173828125
24.91	2.79296875
24.92	2.783203125
24.93	2.75390625
24.94	2.7490234375
24.95	2.724609375
24.96	2.724609375
24.97	2.724609375
24.98	2.7294921875
24.99	2.7294921875
25.0	2.734375
25.010004	2.75390625
25.02	2.763671875
25.03	2.7880859375
25.040004	2.8125
25.050004	2.8271484375
25.06	2.8466796875
25.069996	2.8466796875
25.080008	2.87109375
25.09	2.8662109375
25.1	2.87109375
25.109996	2.8662109375
25.12	2.8564453125
25.13	2.8515625
25.139996	2.8369140625
25.15	2.8173828125
25.16	2.79296875
25.17	2.7783203125
25.18	2.75390625
25.19	2.744140625
25.2	2.734375
25.21	2.724609375
25.22	2.7197265625
25.23	2.7294921875
25.24	2.7294921875
25.25	2.734375
25.26	2.75390625
25.27	2.763671875
25.28	2.7880859375
25.29	2.802734375
25.3	2.8271484375
25.309996	2.8466796875
25.32	2.8564453125
25.33	2.8662109375
25.34	2.87109375
25.350004	2.8759765625
25.36	2.8662109375
25.37	2.8564453125
25.380004	2.8564453125
25.39	2.83203125
25.399996	2.802734375
25.41	2.802734375
25.42	2.7734375
25.43	2.7587890625
25.439996	2.744140625
25.45	2.7294921875
25.46	2.7294921875
25.47	2.7197265625
25.48	2.724609375
25.49	2.734375
25.5	2.7392578125
25.51	2.7490234375
25.52	2.7734375
25.53	2.7880859375
25.54	2.8076171875
25.55	2.822265625
25.56	2.841796875
25.57	2.861328125
25.58	2.87109375
25.59	2.87109375
25.6	2.87109375
25.61	2.87109375
25.62	2.861328125
25.63	2.8466796875
25.64	2.83203125
25.650004	2.8125
25.66	2.7978515625
25.67	2.7783203125
25.680004	2.7587890625
25.690004	2.744140625
25.7	2.7294921875
25.709996	2.7294921875
25.720008	2.724609375
25.73	2.724609375
25.74	2.7294921875
25.749996	2.7392578125
25.76	2.763671875
25.77	2.7734375
25.779996	2.802734375
25.79	2.8173828125
25.8	2.83203125
25.81	2.841796875
25.82	2.8662109375
25.83	2.861328125
25.84	2.87109375
25.85	2.87109375
25.86	2.8662109375
25.87	2.861328125
25.88	2.841796875
25.89	2.8369140625
25.9	2.8076171875
25.91	2.79296875
25.92	2.7685546875
25.93	2.7587890625
25.94	2.744140625
25.949996	2.7294921875
25.96	2.7294921875
25.97	2.7197265625
25.98	2.724609375
25.990004	2.7392578125
26.0	2.744140625
26.01	2.75390625
26.020004	2.7734375
26.03	2.7978515625
26.039996	2.8173828125
26.05	2.83203125
26.06	2.841796875
26.07	2.8564453125
26.079996	2.8564453125
26.09	2.87109375
26.1	2.8662109375
26.11	2.861328125
26.12	2.8515625
26.13	2.8466796875
26.14	2.8271484375
26.15	2.8076171875
26.16	2.7880859375
26.17	2.7734375
26.18	2.7587890625
26.19	2.734375
26.2	2.734375
26.21	2.724609375
26.22	2.7294921875
26.23	2.7294921875
26.24	2.7294921875
26.25	2.7490234375
26.26	2.75390625
26.27	2.7734375
26.28	2.7880859375
26.290004	2.8173828125
26.3	2.8271484375
26.31	2.841796875
26.320004	2.861328125
26.330004	2.861328125
26.34	2.87109375
26.349996	2.8662109375
26.360008	2.861328125
26.37	2.8466796875
26.38	2.841796875
26.389996	2.822265625
26.4	2.802734375
26.41	2.783203125
26.419996	2.763671875
26.43	2.75390625
26.44	2.734375
26.45	2.734375
26.46	2.7294921875
26.47	2.734375
26.48	2.734375
26.49	2.7392578125
26.5	2.75390625
26.51	2.763671875
26.52	2.783203125
26.53	2.802734375
26.54	2.822265625
26.55	2.83203125
26.56	2.841796875
26.57	2.861328125
26.58	2.861328125
26.589996	2.87109375
26.6	2.8564453125
26.61	2.861328125
26.62	2.8515625
26.630004	2.841796875
26.64	2.822265625
26.65	2.802734375
26.660004	2.7880859375
26.67	2.763671875
26.679996	2.744140625
26.69	2.7392578125
26.7	2.734375
26.71	2.7294921875
26.719996	2.7294921875
26.73	2.734375
26.74	2.744140625
26.75	2.75390625
26.76	2.7685546875
26.77	2.783203125
26.78	2.7978515625
26.79	2.8173828125
26.8	2.83203125
26.81	2.8515625
26.82	2.8564453125
26.83	2.8662109375
26.84	2.87109375
26.85	2.87109375
26.86	2.8564453125
26.87	2.8466796875
26.88	2.841796875
26.89	2.8173828125
26.9	2.8076171875
26.91	2.783203125
26.92	2.7685546875
26.930004	2.7490234375
26.94	2.7392578125
26.95	2.734375
26.960004	2.7294921875
26.970004	2.734375
26.98	2.7392578125
26.989996	2.7392578125
27.000008	2.75390625
27.01	2.763671875
27.02	2.7880859375
27.029996	2.8125
27.04	2.8271484375
27.05	2.8369140625
27.059996	2.8515625
27.07	2.861328125
27.08	2.8662109375
27.09	2.8564453125
27.1	2.861328125
27.11	2.8564453125
27.12	2.841796875
27.13	2.8369140625
27.14	2.8125
27.15	2.7978515625
27.16	2.783203125
27.17	2.763671875
27.18	2.7490234375
27.19	2.744140625
27.2	2.7392578125
27.21	2.734375
27.22	2.734375
27.229996	2.7392578125
27.24	2.7490234375
27.25	2.7587890625
27.26	2.763671875
27.270004	2.783203125
27.28	2.8076171875
27.29	2.8271484375
27.300004	2.8369140625
27.31	2.8466796875
27.319996	2.8564453125
27.33	2.8662109375
27.34	2.861328125
27.35	2.8662109375
27.359996	2.8515625
27.37	2.8515625
27.38	2.8369140625
27.39	2.8173828125
27.4	2.79296875
27.41	2.7734375
27.42	2.763671875
27.43	2.7490234375
27.44	2.744140625
27.45	2.7294921875
27.46	2.734375
27.47	2.734375
27.48	2.7392578125
27.49	2.744140625
27.5	2.75390625
27.51	2.7783203125
27.52	2.7880859375
27.53	2.8076171875
27.54	2.822265625
27.55	2.83203125
27.56	2.8466796875
27.570004	2.8662109375
27.58	2.861328125
27.59	2.8564453125
27.600004	2.861328125
27.610004	2.8466796875
27.62	2.841796875
27.629996	2.8271484375
27.640008	2.8173828125
27.65	2.7978515625
27.66	2.783203125
27.669996	2.7587890625
27.68	2.75390625
27.69	2.7392578125
27.699996	2.7392578125
27.71	2.7392578125
27.72	2.7294921875
27.73	2.7392578125
27.74	2.7490234375
27.75	2.7587890625
27.76	2.7783203125
27.77	2.79296875
27.78	2.8076171875
27.79	2.822265625
27.8	2.841796875
27.81	2.8564453125
27.82	2.861328125
27.83	2.8564453125
27.84	2.8662109375
27.85	2.861328125
27.86	2.8466796875
27.869996	2.841796875
27.88	2.8271484375
27.89	2.8076171875
27.9	2.79296875
27.910004	2.783203125
27.92	2.763671875
27.93	2.7490234375
27.940004	2.7392578125
27.95	2.734375
27.959996	2.7392578125
27.97	2.734375
27.98	2.7392578125
27.99	2.75390625
27.999996	2.7685546875
28.01	2.783203125
28.02	2.79296875
28.03	2.8125
28.04	2.8271484375
28.05	2.8515625
28.06	2.8466796875
28.07	2.861328125
28.08	2.861328125
28.09	2.861328125
28.1	2.8564453125
28.11	2.8466796875
28.12	2.8369140625
28.13	2.822265625
28.14	2.8125
28.15	2.7880859375
28.16	2.7734375
28.17	2.7587890625
28.18	2.75390625
28.19	2.7392578125
28.2	2.734375
28.210004	2.734375
28.22	2.7392578125
28.23	2.744140625
28.240004	2.75390625
28.250004	2.7685546875
28.26	2.7783203125
28.269996	2.802734375
28.280008	2.8125
28.29	2.822265625
28.3	2.841796875
28.309996	2.841796875
28.32	2.8564453125
28.33	2.861328125
28.339996	2.8564453125
28.35	2.8515625
28.36	2.8515625
28.37	2.8369140625
28.38	2.8173828125
28.39	2.802734375
28.4	2.783203125
28.41	2.7734375
28.42	2.7587890625
28.43	2.7490234375
28.44	2.7392578125
28.45	2.7392578125
28.46	2.7392578125
28.47	2.7392578125
28.48	2.7392578125
28.49	2.7587890625
28.5	2.763671875
28.509996	2.783203125
28.52	2.802734375
28.53	2.8125
28.54	2.8369140625
28.550004	2.8466796875
28.56	2.8466796875
28.57	2.8662109375
28.580004	2.861328125
28.59	2.8662109375
28.599996	2.8515625
28.61	2.841796875
28.62	2.83203125
28.63	2.8173828125
28.639996	2.8125
28.65	2.7880859375
28.66	2.783203125
28.67	2.7587890625
28.68	2.744140625
28.69	2.7392578125
28.7	2.7392578125
