Channel Accuracy: 10 Bits
Measurement Range 0...5V --> Resolution: 5V/2^10 = 4.9mV
Measured Single Channel at a Frequency of 100 Hz
Time (s)	Voltage (V)
0	1.6552734375
0.009996	1.6552734375
0.019996	1.6552734375
0.029996	1.6552734375
0.039996	1.6552734375
0.050004	1.650390625
0.059996	1.6552734375
0.069996	1.6552734375
0.080004	1.6552734375
0.090004	1.650390625
0.099996	1.6552734375
0.11	1.6552734375
0.119996	1.6552734375
0.130004	1.6552734375
0.139996	1.6552734375
0.15	1.66015625
0.159996	1.650390625
0.170004	1.66015625
0.180004	1.6552734375
0.189996	1.6552734375
0.200004	1.650390625
0.210004	1.6552734375
0.220004	1.66015625
0.229996	1.6552734375
0.239996	1.6552734375
0.249996	1.6552734375
0.259996	1.6552734375
0.269996	1.6552734375
0.279996	1.6552734375
0.289996	1.650390625
0.299996	1.6552734375
0.309996	1.6552734375
0.319996	1.650390625
0.329996	1.650390625
0.339996	1.6552734375
0.349996	1.66015625
0.36	1.6552734375
0.369996	1.6552734375
0.379996	1.66015625
0.389996	1.6552734375
0.399996	1.650390625
0.409996	1.6552734375
0.420004	1.6552734375
0.430004	1.650390625
0.439996	1.650390625
0.45	1.6552734375
0.460004	1.6552734375
0.470004	1.650390625
0.479996	1.6552734375
0.489996	1.6552734375
0.500004	1.650390625
0.510004	1.66015625
0.520004	1.6552734375
0.529996	1.66015625
0.539996	1.6552734375
0.549996	1.6552734375
0.559996	1.6552734375
0.57	1.6552734375
0.579996	1.650390625
0.589996	1.650390625
0.599996	1.650390625
0.609996	1.6552734375
0.619996	1.66015625
0.629996	1.650390625
0.639996	1.6552734375
0.649996	1.650390625
0.659996	1.650390625
0.669996	1.6552734375
0.679996	1.6552734375
0.690004	1.650390625
0.699996	1.6552734375
0.709996	1.6552734375
0.720004	1.6552734375
0.730004	1.6552734375
0.739996	1.6552734375
0.75	1.6552734375
0.760004	1.650390625
0.770004	1.650390625
0.779996	1.6552734375
0.79	1.650390625
0.800004	1.66015625
0.810004	1.66015625
0.820004	1.66015625
0.829996	1.66015625
0.839996	1.6455078125
0.850004	1.650390625
0.860004	1.650390625
0.869996	1.66015625
0.879996	1.650390625
0.889996	1.650390625
0.899996	1.650390625
0.909996	1.650390625
0.92	1.6552734375
0.929996	1.650390625
0.939996	1.650390625
0.949996	1.6455078125
0.96	1.6552734375
0.969996	1.6552734375
0.979996	1.6552734375
0.989996	1.650390625
1.0	1.6552734375
1.009996	1.6552734375
1.019996	1.6552734375
1.029996	1.6552734375
1.039996	1.650390625
1.049996	1.6552734375
1.059996	1.650390625
1.070004	1.650390625
1.079996	1.6552734375
1.09	1.650390625
1.099996	1.6552734375
1.110004	1.650390625
1.119996	1.650390625
1.129996	1.6552734375
1.140004	1.6552734375
1.150004	1.650390625
1.160004	1.6552734375
1.169996	1.6552734375
1.180004	1.66015625
1.190004	1.6552734375
1.200004	1.66015625
1.209996	1.66015625
1.219996	1.66015625
1.229996	1.6748046875
1.239996	1.7333984375
1.249996	1.85546875
1.26	2.01171875
1.269996	2.20703125
1.279996	2.451171875
1.289996	2.7392578125
1.299996	2.98828125
1.309996	3.212890625
1.319996	3.447265625
1.330004	3.6474609375
1.339996	3.7841796875
1.349996	3.8330078125
1.360004	3.84765625
1.370004	3.798828125
1.379996	3.642578125
1.39	3.4423828125
1.399996	3.2373046875
1.410004	3.0126953125
1.419996	2.7392578125
1.43	2.48046875
1.439996	2.255859375
1.450004	2.0751953125
1.460004	1.9091796875
1.469996	1.8017578125
1.480004	1.81640625
1.490004	1.8798828125
1.500004	1.982421875
1.509996	2.138671875
1.519996	2.3681640625
1.529996	2.6171875
1.539996	2.8271484375
1.549996	3.056640625
1.559996	3.3056640625
1.569996	3.505859375
1.579996	3.6083984375
1.589996	3.720703125
1.599996	3.779296875
1.609996	3.76953125
1.619996	3.6328125
1.629996	3.49609375
1.64	3.330078125
1.649996	3.1103515625
1.659996	2.8759765625
1.669996	2.6318359375
1.679996	2.421875
1.689996	2.2314453125
1.700004	2.05078125
1.710004	1.9287109375
1.719996	1.8798828125
1.73	1.8701171875
1.740004	1.9091796875
1.750004	2.0263671875
1.759996	2.2021484375
1.769996	2.392578125
1.780004	2.587890625
1.790004	2.83203125
1.800004	3.0517578125
1.809996	3.2568359375
1.819996	3.4228515625
1.829996	3.5595703125
1.839996	3.6962890625
1.85	3.720703125
1.859996	3.671875
1.869996	3.583984375
1.879996	3.4765625
1.889996	3.291015625
1.899996	3.0810546875
1.909996	2.8759765625
1.919996	2.6708984375
1.929996	2.451171875
1.939996	2.255859375
1.949996	2.099609375
1.959996	1.9970703125
1.970004	1.9287109375
1.979996	1.8994140625
1.989996	1.953125
2.000004	2.0751953125
2.010004	2.216796875
2.019996	2.3828125
2.03	2.587890625
2.040004	2.8271484375
2.050004	3.0126953125
2.059996	3.203125
2.07	3.3837890625
2.080004	3.5498046875
2.090004	3.6181640625
2.100004	3.642578125
2.109996	3.6328125
2.119996	3.564453125
2.130004	3.4423828125
2.140004	3.251953125
2.149996	3.0859375
2.159996	2.8955078125
2.169996	2.6806640625
2.179996	2.4755859375
2.189996	2.294921875
2.2	2.1630859375
2.209996	2.03125
2.219996	1.9580078125
2.229996	1.953125
2.24	2.01171875
2.249996	2.099609375
2.259996	2.2216796875
2.269996	2.412109375
2.28	2.607421875
2.289996	2.8076171875
2.299996	2.998046875
2.309996	3.193359375
2.319996	3.3642578125
2.329996	3.5009765625
2.339996	3.5546875
2.350004	3.5986328125
2.359996	3.5986328125
2.37	3.53515625
2.379996	3.4033203125
2.390004	3.2568359375
2.399996	3.095703125
2.409996	2.890625
2.420004	2.685546875
2.430004	2.5
2.440004	2.3388671875
2.449996	2.1875
2.460004	2.0703125
2.470004	2.0166015625
2.480004	2.01171875
2.489996	2.0458984375
2.499996	2.109375
2.509996	2.2607421875
2.519996	2.4267578125
2.529996	2.6025390625
2.54	2.7978515625
2.549996	2.9833984375
2.559996	3.1689453125
2.569996	3.3203125
2.579996	3.4423828125
2.589996	3.5400390625
2.599996	3.5693359375
2.610004	3.5595703125
2.619996	3.4912109375
2.629996	3.3935546875
2.640004	3.251953125
2.650004	3.0810546875
2.659996	2.890625
2.67	2.7197265625
2.679996	2.5341796875
2.690004	2.353515625
2.699996	2.20703125
2.71	2.1142578125
2.719996	2.0654296875
2.730004	2.03125
2.740004	2.0751953125
2.749996	2.1630859375
2.760004	2.2900390625
2.770004	2.431640625
2.780004	2.5927734375
2.789996	2.79296875
2.799996	2.96875
2.809996	3.1298828125
2.819996	3.2861328125
2.829996	3.408203125
2.839996	3.49609375
2.849996	3.5400390625
2.859996	3.5205078125
2.869996	3.4716796875
2.879996	3.3740234375
2.889996	3.2275390625
2.899996	3.0615234375
2.909996	2.8955078125
2.92	2.7197265625
2.929996	2.5341796875
2.939996	2.3779296875
2.949996	2.255859375
2.959996	2.1533203125
2.969996	2.0849609375
2.980004	2.0703125
2.990004	2.109375
2.999996	2.1826171875
3.01	2.294921875
3.020004	2.431640625
3.030004	2.6123046875
3.039996	2.7880859375
3.049996	2.9443359375
3.060004	3.10546875
3.070004	3.26171875
3.080004	3.3837890625
3.089996	3.4521484375
3.099996	3.4912109375
3.109996	3.4912109375
3.119996	3.447265625
3.13	3.33984375
3.139996	3.22265625
3.149996	3.06640625
3.159996	2.900390625
3.169996	2.7197265625
3.179996	2.548828125
3.189996	2.4169921875
3.199996	2.2802734375
3.209996	2.1728515625
3.219996	2.119140625
3.229996	2.119140625
3.239996	2.138671875
3.250004	2.2119140625
3.259996	2.3046875
3.269996	2.4560546875
3.280004	2.607421875
3.290004	2.763671875
3.299996	2.9345703125
3.31	3.0908203125
3.320004	3.2373046875
3.330004	3.349609375
3.339996	3.427734375
3.35	3.4765625
3.360004	3.4619140625
3.370004	3.4033203125
3.380004	3.3203125
3.389996	3.203125
3.399996	3.0517578125
3.410004	2.8955078125
3.420004	2.7392578125
3.429996	2.587890625
3.439996	2.421875
3.449996	2.2998046875
3.459996	2.20703125
3.469996	2.1728515625
3.48	2.1337890625
3.489996	2.1630859375
3.499996	2.2314453125
3.509996	2.3291015625
3.52	2.4609375
3.529996	2.607421875
3.539996	2.763671875
3.549996	2.919921875
3.56	3.076171875
3.569996	3.2080078125
3.579996	3.3203125
3.589996	3.4033203125
3.599996	3.4375
3.609996	3.427734375
3.619996	3.388671875
3.630004	3.30078125
3.639996	3.1884765625
3.65	3.0419921875
3.659996	2.900390625
3.670004	2.7490234375
3.679996	2.587890625
3.689996	2.4365234375
3.700004	2.333984375
3.710004	2.2412109375
3.720004	2.1826171875
3.729996	2.1630859375
3.740004	2.1923828125
3.750004	2.2607421875
3.760004	2.3388671875
3.769996	2.470703125
3.779996	2.6123046875
3.789996	2.763671875
3.799996	2.91015625
3.809996	3.0517578125
3.82	3.1884765625
3.829996	3.291015625
3.839996	3.3642578125
3.849996	3.4033203125
3.859996	3.3984375
3.869996	3.369140625
3.879996	3.2763671875
3.890004	3.173828125
3.899996	3.037109375
3.909996	2.8955078125
3.920004	2.75390625
3.930004	2.59765625
3.939996	2.4658203125
3.95	2.3583984375
3.959996	2.2607421875
3.970004	2.20703125
3.979996	2.1923828125
3.99	2.216796875
3.999996	2.275390625
4.010004	2.353515625
4.020004	2.4853515625
4.029996	2.6220703125
4.040004	2.7587890625
4.050004	2.9052734375
4.060004	3.056640625
4.069996	3.1787109375
4.079996	3.26171875
4.089996	3.33984375
4.099996	3.3740234375
4.109996	3.3837890625
4.119996	3.330078125
4.129996	3.26171875
4.139996	3.1591796875
4.149996	3.037109375
4.159996	2.900390625
4.169996	2.75390625
4.179996	2.6171875
4.189996	2.48046875
4.2	2.3681640625
4.209996	2.28515625
4.219996	2.236328125
4.229996	2.2216796875
4.239996	2.2265625
4.249996	2.294921875
4.260004	2.3779296875
4.270004	2.490234375
4.279996	2.6220703125
4.29	2.763671875
4.300004	2.890625
4.310004	3.0322265625
4.319996	3.154296875
4.329996	3.251953125
4.340004	3.3251953125
4.350004	3.3544921875
4.360004	3.3544921875
4.369996	3.3154296875
4.379996	3.2568359375
4.389996	3.14453125
4.399996	3.0322265625
4.41	2.8955078125
4.419996	2.7587890625
4.429996	2.626953125
4.439996	2.4853515625
4.449996	2.3974609375
4.459996	2.314453125
4.469996	2.2607421875
4.479996	2.236328125
4.489996	2.2607421875
4.499996	2.314453125
4.509996	2.392578125
4.519996	2.4951171875
4.530004	2.6220703125
4.539996	2.7587890625
4.549996	2.890625
4.560004	3.0224609375
4.570004	3.134765625
4.579996	3.2275390625
4.59	3.2958984375
4.600004	3.330078125
4.610004	3.330078125
4.619996	3.30078125
4.63	3.232421875
4.640004	3.125
4.650004	3.0224609375
4.660004	2.890625
4.669996	2.763671875
4.679996	2.6318359375
4.690004	2.5048828125
4.700004	2.4072265625
4.709996	2.3291015625
4.719996	2.275390625
4.729996	2.2607421875
4.739996	2.28515625
4.749996	2.32421875
4.76	2.40234375
4.769996	2.509765625
4.779996	2.6318359375
4.789996	2.75390625
4.8	2.880859375
4.809996	3.0126953125
4.819996	3.1201171875
4.829996	3.212890625
4.84	3.2763671875
4.849996	3.310546875
4.859996	3.3154296875
4.869996	3.2763671875
4.879996	3.212890625
4.889996	3.1201171875
4.899996	3.02734375
4.910004	2.880859375
4.919996	2.7685546875
4.93	2.63671875
4.939996	2.5341796875
4.950004	2.4267578125
4.959996	2.3486328125
4.969996	2.3095703125
4.980004	2.28515625
4.990004	2.2900390625
5.000004	2.3388671875
5.009996	2.431640625
5.020004	2.5146484375
5.030004	2.63671875
5.040004	2.763671875
5.049996	2.8857421875
5.059996	3.0078125
5.069996	3.1005859375
5.079996	3.193359375
5.089996	3.251953125
5.1	3.2958984375
5.109996	3.291015625
5.119996	3.26171875
5.129996	3.203125
5.139996	3.1201171875
5.149996	3.017578125
5.159996	2.8857421875
5.170004	2.7685546875
5.179996	2.6416015625
5.189996	2.5439453125
5.200004	2.4365234375
5.210004	2.3583984375
5.219996	2.3193359375
5.23	2.294921875
5.239996	2.3193359375
5.250004	2.3583984375
5.259996	2.431640625
5.27	2.5244140625
5.279996	2.6318359375
5.290004	2.75390625
5.300004	2.8759765625
5.309996	2.9931640625
5.320004	3.1005859375
5.330004	3.18359375
5.340004	3.22265625
5.349996	3.271484375
5.359996	3.2763671875
5.369996	3.2421875
5.379996	3.18359375
5.389996	3.1005859375
5.399996	2.998046875
5.409996	2.8857421875
5.419996	2.7783203125
5.429996	2.6513671875
5.439996	2.548828125
5.449996	2.4560546875
5.459996	2.3828125
5.469996	2.3388671875
5.48	2.314453125
5.489996	2.333984375
5.499996	2.373046875
5.509996	2.4462890625
5.519996	2.5341796875
5.529996	2.63671875
5.540004	2.7587890625
5.550004	2.880859375
5.559996	2.978515625
5.57	3.076171875
5.580004	3.1640625
5.590004	3.22265625
5.599996	3.2470703125
5.609996	3.2568359375
5.620004	3.2275390625
5.630004	3.1689453125
5.640004	3.095703125
5.649996	2.998046875
5.659996	2.890625
5.669996	2.7783203125
5.679996	2.65625
5.69	2.5634765625
5.699996	2.4658203125
5.709996	2.3974609375
5.719996	2.3388671875
5.729996	2.333984375
5.739996	2.333984375
5.749996	2.3828125
5.759996	2.4560546875
5.769996	2.548828125
5.779996	2.6416015625
5.789996	2.7490234375
5.799996	2.8759765625
5.810004	2.96875
5.819996	3.0712890625
5.829996	3.14453125
5.840004	3.2080078125
5.850004	3.2373046875
5.859996	3.2421875
5.87	3.212890625
5.880004	3.1591796875
5.890004	3.0810546875
5.899996	2.98828125
5.91	2.8857421875
5.920004	2.7783203125
5.930004	2.67578125
5.940004	2.568359375
5.949996	2.48046875
5.959996	2.421875
5.970004	2.3681640625
5.980004	2.34375
5.989996	2.353515625
5.999996	2.4072265625
6.009996	2.4658203125
6.019996	2.548828125
6.029996	2.646484375
6.04	2.7587890625
6.049996	2.87109375
6.059996	2.96875
6.069996	3.056640625
6.08	3.1396484375
6.089996	3.1884765625
6.099996	3.22265625
6.109996	3.2275390625
6.12	3.203125
6.129996	3.1494140625
6.139996	3.076171875
6.149996	2.9736328125
6.159996	2.880859375
6.169996	2.7783203125
6.179996	2.6708984375
6.190004	2.568359375
6.199996	2.490234375
6.21	2.421875
6.219996	2.3828125
6.230004	2.3681640625
6.239996	2.373046875
6.249996	2.421875
6.260004	2.4755859375
6.270004	2.55859375
6.280004	2.6513671875
6.289996	2.7587890625
6.300004	2.8662109375
6.310004	2.9541015625
6.320004	3.0517578125
6.329996	3.1201171875
6.339996	3.173828125
6.349996	3.203125
6.359996	3.2080078125
6.369996	3.18359375
6.38	3.125
6.389996	3.056640625
6.399996	2.978515625
6.409996	2.8759765625
6.419996	2.7783203125
6.429996	2.685546875
6.439996	2.5830078125
6.450004	2.5
6.459996	2.431640625
6.469996	2.3974609375
6.480004	2.3828125
6.490004	2.392578125
6.499996	2.4267578125
6.51	2.48046875
6.519996	2.568359375
6.530004	2.65625
6.539996	2.75390625
6.55	2.8564453125
6.559996	2.9541015625
6.570004	3.037109375
6.580004	3.10546875
6.589996	3.1591796875
6.600004	3.18359375
6.610004	3.1982421875
6.620004	3.1689453125
6.629996	3.115234375
6.639996	3.056640625
6.649996	2.9736328125
6.659996	2.8759765625
6.669996	2.7783203125
6.679996	2.6904296875
6.689996	2.5927734375
6.699996	2.5
6.709996	2.4462890625
6.719996	2.412109375
6.729996	2.392578125
6.739996	2.4072265625
6.749996	2.44140625
6.76	2.5
6.769996	2.578125
6.779996	2.65625
6.789996	2.7587890625
6.799996	2.8564453125
6.809996	2.9443359375
6.820004	3.0322265625
6.830004	3.095703125
6.839996	3.154296875
6.85	3.1787109375
6.860004	3.1787109375
6.870004	3.154296875
6.879996	3.1103515625
6.889996	3.046875
6.900004	2.958984375
6.910004	2.87109375
6.920004	2.7734375
6.929996	2.6904296875
6.939996	2.59765625
6.949996	2.5244140625
6.959996	2.4609375
6.97	2.421875
6.979996	2.4072265625
6.989996	2.421875
6.999996	2.451171875
7.009996	2.5048828125
7.019996	2.5830078125
7.029996	2.666015625
7.039996	2.763671875
7.049996	2.8515625
7.059996	2.9443359375
7.069996	3.0224609375
7.079996	3.095703125
7.090004	3.1396484375
7.099996	3.1689453125
7.109996	3.1640625
7.120004	3.14453125
7.130004	3.095703125
7.139996	3.0322265625
7.15	2.9541015625
7.160004	2.87109375
7.170004	2.7783203125
7.179996	2.685546875
7.19	2.6025390625
7.200004	2.529296875
7.210004	2.4658203125
7.220004	2.431640625
7.229996	2.421875
7.239996	2.431640625
7.250004	2.4560546875
7.260004	2.5146484375
7.269996	2.5927734375
7.279996	2.67578125
7.289996	2.7587890625
7.299996	2.8564453125
7.309996	2.9345703125
7.32	3.0126953125
7.329996	3.076171875
7.339996	3.1201171875
7.349996	3.1494140625
7.36	3.154296875
7.369996	3.125
7.379996	3.0908203125
7.389996	3.0224609375
7.4	2.9443359375
7.409996	2.87109375
7.419996	2.7783203125
7.429996	2.685546875
7.439996	2.6025390625
7.449996	2.529296875
7.459996	2.4755859375
7.470004	2.4365234375
7.479996	2.431640625
7.49	2.4365234375
7.499996	2.4755859375
7.510004	2.529296875
7.519996	2.5927734375
7.529996	2.67578125
7.540004	2.75390625
7.550004	2.861328125
7.560004	2.939453125
7.569996	3.017578125
7.580004	3.076171875
7.590004	3.1201171875
7.600004	3.14453125
7.609996	3.1494140625
7.619996	3.115234375
7.629996	3.0810546875
7.639996	3.017578125
7.649996	2.9345703125
7.66	2.8662109375
7.669996	2.783203125
7.679996	2.685546875
7.689996	2.6123046875
7.699996	2.5439453125
7.709996	2.490234375
7.719996	2.44140625
7.730004	2.4462890625
7.739996	2.451171875
7.749996	2.4853515625
7.760004	2.5439453125
7.770004	2.6025390625
7.779996	2.685546875
7.79	2.7734375
7.799996	2.861328125
7.810004	2.9248046875
7.819996	3.0126953125
7.83	3.076171875
7.839996	3.1103515625
7.850004	3.134765625
7.860004	3.134765625
7.869996	3.1005859375
7.880004	3.0615234375
7.890004	3.0029296875
7.900004	2.9248046875
7.909996	2.87109375
7.919996	2.7734375
7.929996	2.685546875
7.939996	2.6123046875
7.949996	2.5439453125
7.959996	2.490234375
7.969996	2.4609375
7.979996	2.451171875
7.989996	2.4609375
7.999996	2.490234375
8.009996	2.548828125
8.019996	2.6123046875
8.029996	2.6904296875
8.04	2.7685546875
8.049996	2.8662109375
8.059996	2.9248046875
8.069996	3.0126953125
8.079996	3.0615234375
8.089996	3.095703125
8.100004	3.1201171875
8.110004	3.115234375
8.119996	3.1005859375
8.13	3.0517578125
8.140004	3.0126953125
8.150004	2.919921875
8.159996	2.861328125
8.169996	2.763671875
8.180004	2.7001953125
8.190004	2.6171875
8.200004	2.548828125
8.209996	2.5
8.219996	2.4658203125
8.229996	2.4609375
8.239996	2.4658203125
8.25	2.5
8.259996	2.55859375
8.269996	2.6220703125
8.279996	2.6904296875
8.289996	2.7685546875
8.299996	2.861328125
8.309996	2.9248046875
8.319996	3.0029296875
8.329996	3.056640625
8.339996	3.095703125
8.349996	3.1103515625
8.359996	3.1103515625
8.370004	3.095703125
8.379996	3.046875
8.389996	2.998046875
8.400004	2.919921875
8.410004	2.8564453125
8.419996	2.7734375
8.43	2.7001953125
8.440004	2.6171875
8.450004	2.5537109375
8.459996	2.509765625
8.47	2.4755859375
8.480004	2.470703125
8.490004	2.4755859375
8.500004	2.5146484375
8.509996	2.5634765625
8.519996	2.626953125
8.530004	2.705078125
8.540004	2.7783203125
8.549996	2.861328125
8.559996	2.9248046875
8.569996	2.998046875
8.579996	3.0419921875
8.589996	3.0908203125
8.6	3.095703125
8.609996	3.10546875
8.619996	3.0859375
8.629996	3.0419921875
8.64	2.98828125
8.649996	2.919921875
8.659996	2.861328125
8.669996	2.7685546875
8.68	2.6904296875
8.689996	2.6220703125
8.699996	2.568359375
8.709996	2.5146484375
8.719996	2.490234375
8.729996	2.4755859375
8.739996	2.48046875
8.750004	2.5244140625
8.759996	2.568359375
8.77	2.6318359375
8.779996	2.71484375
8.790004	2.783203125
8.799996	2.8515625
8.809996	2.9248046875
8.820004	2.998046875
8.830004	3.037109375
8.840004	3.0810546875
8.849996	3.0859375
8.860004	3.0908203125
8.870004	3.06640625
8.880004	3.037109375
8.889996	2.978515625
8.899996	2.9150390625
8.909996	2.8466796875
8.919996	2.7587890625
8.929996	2.7001953125
8.94	2.6220703125
8.949996	2.5732421875
8.959996	2.5244140625
8.969996	2.4951171875
8.979996	2.490234375
8.989996	2.4951171875
8.999996	2.529296875
9.010004	2.5830078125
9.019996	2.63671875
9.029996	2.7099609375
9.040004	2.7880859375
9.050004	2.861328125
9.059996	2.9296875
9.07	2.9833984375
9.079996	3.0419921875
9.090004	3.0712890625
9.099996	3.0810546875
9.11	3.0908203125
9.119996	3.0615234375
9.130004	3.02734375
9.140004	2.9736328125
9.149996	2.91015625
9.160004	2.841796875
9.170004	2.7587890625
9.180004	2.7001953125
9.189996	2.626953125
9.199996	2.5634765625
9.209996	2.5244140625
9.219996	2.5048828125
9.229996	2.4951171875
9.239996	2.5146484375
9.249996	2.5439453125
9.259996	2.587890625
9.269996	2.6513671875
9.279996	2.71484375
9.289996	2.783203125
9.299996	2.861328125
9.309996	2.919921875
9.32	2.9833984375
9.329996	3.0322265625
9.339996	3.0615234375
9.349996	3.076171875
9.359996	3.076171875
9.369996	3.056640625
9.380004	3.0224609375
9.390004	2.9638671875
9.399996	2.900390625
9.41	2.8369140625
9.420004	2.763671875
9.430004	2.685546875
9.439996	2.6220703125
9.449996	2.578125
9.460004	2.5439453125
9.470004	2.509765625
9.480004	2.5
9.489996	2.51953125
9.499996	2.5537109375
9.509996	2.5927734375
9.519996	2.646484375
9.53	2.7294921875
9.539996	2.7880859375
9.549996	2.87109375
9.559996	2.9248046875
9.569996	2.978515625
9.579996	3.02734375
9.589996	3.046875
9.599996	3.0712890625
9.609996	3.06640625
9.619996	3.046875
9.629996	3.017578125
9.639996	2.9541015625
9.650004	2.8955078125
9.659996	2.83203125
9.669996	2.763671875
9.680004	2.7001953125
9.690004	2.6318359375
9.699996	2.568359375
9.71	2.548828125
9.720004	2.51953125
9.730004	2.5146484375
9.739996	2.529296875
9.75	2.5537109375
9.760004	2.6025390625
9.770004	2.6513671875
9.780004	2.724609375
9.789996	2.7880859375
9.799996	2.8662109375
9.810004	2.919921875
9.820004	2.9638671875
9.829996	3.02734375
9.839996	3.0517578125
9.849996	3.06640625
9.859996	3.056640625
9.869996	3.037109375
9.88	3.0029296875
9.889996	2.94921875
9.899996	2.8857421875
9.909996	2.8271484375
9.92	2.7587890625
9.929996	2.6904296875
9.939996	2.63671875
9.949996	2.578125
9.96	2.5537109375
9.969996	2.51953125
9.979996	2.529296875
9.989996	2.5390625
9.999996	2.568359375
10.009996	2.6123046875
10.019996	2.666015625
10.030004	2.724609375
10.039996	2.7978515625
10.05	2.8662109375
10.059996	2.919921875
10.070004	2.9736328125
10.079996	3.0224609375
10.089996	3.0419921875
10.100004	3.056640625
10.110004	3.056640625
10.120004	3.0322265625
10.129996	2.998046875
10.140004	2.939453125
10.150004	2.8759765625
10.160004	2.83203125
10.169996	2.7587890625
10.179996	2.6953125
10.189996	2.6416015625
10.199996	2.587890625
10.209996	2.5537109375
10.22	2.5390625
10.229996	2.529296875
10.239996	2.5439453125
10.249996	2.578125
10.259996	2.626953125
10.269996	2.67578125
10.279996	2.734375
10.290004	2.7978515625
10.299996	2.8662109375
10.309996	2.9150390625
10.320004	2.9736328125
10.330004	3.0126953125
10.339996	3.0419921875
10.35	3.0419921875
10.359996	3.037109375
10.370004	3.02734375
10.379996	2.9833984375
10.39	2.9345703125
10.399996	2.8759765625
10.410004	2.8173828125
10.420004	2.7490234375
10.429996	2.705078125
10.440004	2.646484375
10.450004	2.587890625
10.460004	2.5537109375
10.469996	2.5439453125
10.479996	2.5439453125
10.489996	2.55859375
10.499996	2.5830078125
10.509996	2.626953125
10.519996	2.685546875
10.529996	2.734375
10.539996	2.7978515625
10.549996	2.8662109375
10.559996	2.9150390625
10.569996	2.9638671875
10.579996	3.0078125
10.589996	3.0322265625
10.6	3.037109375
10.609996	3.0322265625
10.619996	3.017578125
10.629996	2.9736328125
10.639996	2.9345703125
10.649996	2.87109375
10.660004	2.8173828125
10.670004	2.7490234375
10.679996	2.7001953125
10.69	2.63671875
10.700004	2.6025390625
10.710004	2.568359375
10.719996	2.548828125
10.729996	2.5537109375
10.740004	2.55859375
10.750004	2.59765625
10.760004	2.6318359375
10.769996	2.685546875
10.779996	2.7294921875
10.789996	2.8076171875
10.799996	2.8759765625
10.81	2.91015625
10.819996	2.9638671875
10.829996	3.0078125
10.839996	3.02734375
10.849996	3.02734375
10.859996	3.0322265625
10.869996	3.0126953125
10.879996	2.96875
10.889996	2.9248046875
10.899996	2.87109375
10.909996	2.8076171875
10.919996	2.7490234375
10.930004	2.6953125
10.939996	2.6416015625
10.949996	2.6025390625
10.960004	2.5634765625
10.970004	2.5537109375
10.979996	2.55859375
10.99	2.5634765625
11.000004	2.59765625
11.010004	2.6416015625
11.019996	2.6953125
11.03	2.744140625
11.040004	2.7978515625
11.050004	2.87109375
11.060004	2.91015625
11.069996	2.96875
11.079996	2.998046875
11.090004	3.02734375
11.100004	3.02734375
11.109996	3.0224609375
11.119996	3.0029296875
11.129996	2.96875
11.139996	2.9150390625
11.149996	2.8759765625
11.16	2.8076171875
11.169996	2.744140625
11.179996	2.705078125
11.189996	2.6416015625
11.2	2.6123046875
11.209996	2.568359375
11.219996	2.568359375
11.229996	2.5537109375
11.24	2.5732421875
11.249996	2.607421875
11.259996	2.646484375
11.269996	2.7001953125
11.279996	2.7490234375
11.289996	2.8125
11.299996	2.87109375
11.310004	2.91015625
11.319996	2.958984375
11.33	3.0029296875
11.339996	3.0126953125
11.350004	3.017578125
11.359996	3.0224609375
11.369996	3.0029296875
11.380004	2.94921875
11.390004	2.91015625
11.400004	2.861328125
11.409996	2.802734375
11.420004	2.7490234375
11.430004	2.6953125
11.440004	2.6416015625
11.449996	2.6123046875
11.459996	2.578125
11.469996	2.568359375
11.479996	2.5634765625
11.489996	2.5830078125
11.5	2.6123046875
11.509996	2.6513671875
11.519996	2.705078125
11.529996	2.75390625
11.539996	2.8125
11.549996	2.87109375
11.559996	2.9150390625
11.570004	2.94921875
11.579996	2.998046875
11.589996	3.0126953125
11.600004	3.0224609375
11.610004	3.0126953125
11.619996	2.9833984375
11.63	2.9443359375
11.639996	2.900390625
11.650004	2.861328125
11.659996	2.802734375
11.67	2.744140625
11.679996	2.6904296875
11.690004	2.6513671875
11.700004	2.6123046875
11.709996	2.5830078125
11.720004	2.5732421875
11.730004	2.5732421875
11.740004	2.5927734375
11.749996	2.6220703125
11.759996	2.65625
11.769996	2.71484375
11.779996	2.7587890625
11.789996	2.822265625
11.799996	2.87109375
11.809996	2.9150390625
11.819996	2.94921875
11.829996	2.9931640625
11.839996	3.0078125
11.849996	3.017578125
11.859996	3.0029296875
11.869996	2.978515625
11.88	2.9443359375
11.889996	2.900390625
11.899996	2.861328125
11.909996	2.7978515625
11.919996	2.7392578125
11.929996	2.6953125
11.940004	2.6513671875
11.950004	2.6123046875
11.959996	2.59765625
11.97	2.578125
11.980004	2.578125
11.990004	2.59765625
11.999996	2.6220703125
12.009996	2.666015625
12.020004	2.71484375
12.030004	2.763671875
12.040004	2.822265625
12.049996	2.87109375
12.059996	2.91015625
12.069996	2.9443359375
12.079996	2.9833984375
12.09	3.0078125
12.099996	3.0126953125
12.109996	2.9931640625
12.119996	2.978515625
12.129996	2.9296875
12.139996	2.890625
12.149996	2.8564453125
12.159996	2.7880859375
12.169996	2.7392578125
12.179996	2.6904296875
12.189996	2.6416015625
12.199996	2.6171875
12.210004	2.59765625
12.219996	2.5830078125
12.229996	2.587890625
12.240004	2.607421875
12.250004	2.626953125
12.259996	2.67578125
12.27	2.7099609375
12.280004	2.7685546875
12.290004	2.8173828125
12.299996	2.8759765625
12.31	2.91015625
12.320004	2.9541015625
12.330004	2.9833984375
12.340004	2.998046875
12.349996	3.0029296875
12.359996	2.9931640625
12.370004	2.9638671875
12.380004	2.9248046875
12.389996	2.8857421875
12.399996	2.8466796875
12.409996	2.783203125
12.419996	2.7294921875
12.429996	2.685546875
12.44	2.6513671875
12.449996	2.6171875
12.459996	2.59765625
12.469996	2.5830078125
12.48	2.5927734375
12.489996	2.6123046875
12.499996	2.6416015625
12.509996	2.6806640625
12.52	2.7197265625
12.529996	2.7734375
12.539996	2.8271484375
12.549996	2.87109375
12.559996	2.91015625
12.569996	2.9443359375
12.579996	2.9736328125
12.590004	2.9931640625
12.599996	2.998046875
12.61	2.98828125
12.619996	2.958984375
12.630004	2.919921875
12.639996	2.880859375
12.649996	2.8466796875
12.660004	2.7880859375
12.670004	2.734375
12.680004	2.7001953125
12.689996	2.646484375
12.700004	2.6220703125
12.710004	2.59765625
12.720004	2.587890625
12.729996	2.6025390625
12.739996	2.6171875
12.749996	2.6416015625
12.759996	2.6806640625
12.769996	2.7294921875
12.78	2.783203125
12.789996	2.822265625
12.799996	2.87109375
12.809996	2.9150390625
12.819996	2.9345703125
12.829996	2.978515625
12.839996	3.0029296875
12.850004	2.998046875
12.859996	2.9736328125
12.869996	2.9541015625
12.880004	2.9150390625
12.890004	2.880859375
12.899996	2.8369140625
12.91	2.783203125
12.919996	2.7392578125
12.930004	2.6953125
12.939996	2.6513671875
12.95	2.626953125
12.959996	2.6123046875
12.970004	2.5927734375
12.980004	2.607421875
12.989996	2.6220703125
13.000004	2.646484375
13.010004	2.6904296875
13.020004	2.7294921875
13.029996	2.7783203125
13.039996	2.8369140625
13.049996	2.8759765625
13.059996	2.9052734375
13.069996	2.939453125
13.079996	2.9736328125
13.089996	2.9833984375
13.099996	2.98828125
13.109996	2.9736328125
13.119996	2.9443359375
13.129996	2.9150390625
13.139996	2.87109375
13.149996	2.83203125
13.16	2.783203125
13.169996	2.734375
13.179996	2.6904296875
13.189996	2.6513671875
13.199996	2.6220703125
13.209996	2.607421875
13.220004	2.607421875
13.230004	2.6025390625
13.239996	2.6220703125
13.25	2.65625
13.260004	2.6904296875
13.270004	2.7392578125
13.279996	2.7783203125
13.289996	2.8369140625
13.300004	2.87109375
13.310004	2.9150390625
13.320004	2.9443359375
13.329996	2.9638671875
13.339996	2.9833984375
13.349996	2.9736328125
13.359996	2.96875
13.37	2.9345703125
13.379996	2.9052734375
13.389996	2.87109375
13.399996	2.8369140625
13.409996	2.7783203125
13.419996	2.724609375
13.429996	2.6904296875
13.439996	2.646484375
13.449996	2.6318359375
13.459996	2.6123046875
13.469996	2.607421875
13.479996	2.6220703125
13.490004	2.6318359375
13.499996	2.6611328125
13.509996	2.7001953125
13.520004	2.744140625
13.530004	2.783203125
13.539996	2.8369140625
13.55	2.87109375
13.560004	2.91015625
13.570004	2.939453125
13.579996	2.958984375
13.59	2.96875
13.600004	2.9736328125
13.610004	2.9638671875
13.620004	2.9296875
13.629996	2.9052734375
13.639996	2.87109375
13.650004	2.8271484375
13.660004	2.7734375
13.669996	2.7392578125
13.679996	2.6953125
13.689996	2.646484375
13.699996	2.6318359375
13.709996	2.6123046875
13.72	2.6171875
13.729996	2.6171875
13.739996	2.63671875
13.749996	2.6708984375
13.76	2.7099609375
13.769996	2.7392578125
13.779996	2.7880859375
13.789996	2.841796875
13.8	2.8759765625
13.809996	2.9150390625
13.819996	2.9296875
13.829996	2.958984375
13.839996	2.978515625
13.849996	2.96875
13.859996	2.9541015625
13.870004	2.9296875
13.879996	2.900390625
13.89	2.87109375
13.899996	2.822265625
13.910004	2.7734375
13.919996	2.734375
13.929996	2.6904296875
13.940004	2.6513671875
13.950004	2.626953125
13.960004	2.6220703125
13.969996	2.6123046875
13.980004	2.6220703125
13.990004	2.646484375
14.000004	2.666015625
14.009996	2.71484375
14.019996	2.75390625
14.029996	2.79296875
14.039996	2.8466796875
14.049996	2.87109375
14.06	2.9150390625
14.069996	2.939453125
14.079996	2.9541015625
14.089996	2.9638671875
14.099996	2.96875
14.109996	2.9541015625
14.119996	2.9248046875
14.130004	2.8955078125
14.139996	2.8515625
14.149996	2.822265625
14.160004	2.7734375
14.170004	2.734375
14.179996	2.685546875
14.19	2.65625
14.199996	2.6318359375
14.210004	2.6220703125
14.219996	2.6171875
14.23	2.626953125
14.239996	2.646484375
14.250004	2.67578125
14.260004	2.724609375
14.269996	2.7490234375
14.280004	2.7978515625
14.290004	2.841796875
14.300004	2.8759765625
14.309996	2.9150390625
14.319996	2.9345703125
14.329996	2.958984375
14.339996	2.9638671875
14.349996	2.9638671875
14.359996	2.939453125
14.369996	2.919921875
14.379996	2.8857421875
14.389996	2.861328125
14.399996	2.8076171875
14.409996	2.763671875
14.419996	2.724609375
14.429996	2.6953125
14.44	2.65625
14.449996	2.63671875
14.459996	2.626953125
14.469996	2.626953125
14.479996	2.6220703125
14.489996	2.646484375
14.500004	2.6806640625
14.510004	2.724609375
14.519996	2.7587890625
14.53	2.7978515625
14.540004	2.841796875
14.550004	2.8759765625
14.559996	2.91015625
14.569996	2.939453125
14.580004	2.9541015625
14.590004	2.958984375
14.600004	2.9541015625
14.609996	2.9345703125
14.619996	2.919921875
14.629996	2.880859375
14.639996	2.861328125
14.65	2.8076171875
14.659996	2.763671875
14.669996	2.734375
14.679996	2.6953125
14.689996	2.65625
14.699996	2.6416015625
14.709996	2.626953125
14.719996	2.6220703125
14.729996	2.6416015625
14.739996	2.6611328125
14.749996	2.6806640625
14.759996	2.724609375
14.770004	2.75390625
14.779996	2.802734375
14.789996	2.8466796875
14.800004	2.8759765625
14.810004	2.91015625
14.819996	2.9345703125
14.83	2.94921875
14.840004	2.958984375
14.850004	2.9443359375
14.859996	2.9248046875
14.87	2.91015625
14.880004	2.880859375
14.890004	2.8466796875
14.900004	2.7978515625
14.909996	2.763671875
14.919996	2.7294921875
14.930004	2.6953125
14.940004	2.65625
14.949996	2.6318359375
14.959996	2.626953125
14.969996	2.626953125
14.979996	2.646484375
14.989996	2.65625
15.0	2.6904296875
15.009996	2.724609375
15.019996	2.7685546875
15.029996	2.8076171875
15.04	2.8466796875
15.049996	2.880859375
15.059996	2.900390625
15.069996	2.9296875
15.08	2.9443359375
15.089996	2.94921875
15.099996	2.939453125
15.109996	2.9345703125
15.119996	2.9150390625
15.129996	2.8759765625
15.139996	2.841796875
15.150004	2.8076171875
15.159996	2.763671875
15.17	2.724609375
15.179996	2.6904296875
15.190004	2.6611328125
15.199996	2.6416015625
15.209996	2.6318359375
15.220004	2.6318359375
15.230004	2.6416015625
15.240004	2.6611328125
15.249996	2.6953125
15.260004	2.724609375
15.270004	2.7685546875
15.280004	2.8125
15.289996	2.8515625
15.299996	2.8759765625
15.309996	2.9150390625
15.319996	2.9345703125
15.329996	2.9345703125
15.34	2.94921875
15.349996	2.9345703125
15.359996	2.9296875
15.369996	2.91015625
15.379996	2.8759765625
15.389996	2.8515625
15.399996	2.79296875
15.410004	2.75390625
15.419996	2.724609375
15.429996	2.6953125
15.440004	2.6611328125
15.450004	2.6416015625
15.459996	2.6416015625
15.47	2.6318359375
15.479996	2.646484375
15.490004	2.6708984375
15.499996	2.7099609375
15.51	2.7294921875
15.519996	2.7685546875
15.530004	2.8125
15.540004	2.8564453125
15.549996	2.880859375
15.560004	2.91015625
15.570004	2.9296875
15.580004	2.9296875
15.589996	2.94921875
15.599996	2.9296875
15.609996	2.9248046875
15.619996	2.890625
15.629996	2.87109375
15.639996	2.841796875
15.649996	2.7978515625
15.659996	2.763671875
15.669996	2.71484375
15.679996	2.6904296875
15.689996	2.6611328125
15.699996	2.646484375
15.709996	2.6416015625
15.72	2.63671875
15.729996	2.65625
15.739996	2.67578125
15.749996	2.705078125
15.759996	2.734375
15.769996	2.7685546875
15.780004	2.8173828125
15.790004	2.8564453125
15.799996	2.87109375
15.81	2.91015625
15.820004	2.9296875
15.830004	2.9443359375
15.839996	2.9443359375
15.849996	2.9296875
15.860004	2.919921875
15.870004	2.890625
15.880004	2.8759765625
15.889996	2.83203125
15.899996	2.79296875
15.909996	2.763671875
15.919996	2.724609375
15.93	2.6904296875
15.939996	2.6611328125
15.949996	2.6513671875
15.959996	2.63671875
15.969996	2.63671875
15.979996	2.6513671875
15.989996	2.685546875
15.999996	2.7099609375
16.009996	2.744140625
16.019996	2.783203125
16.029996	2.8173828125
16.039996	2.8564453125
16.050004	2.880859375
16.059996	2.91015625
16.069996	2.9248046875
16.080004	2.9296875
16.090004	2.939453125
16.099996	2.9296875
16.11	2.9150390625
16.120004	2.890625
16.130004	2.87109375
16.139996	2.8271484375
16.15	2.7880859375
16.160004	2.75390625
16.170004	2.7294921875
16.180004	2.6953125
16.189996	2.666015625
16.199996	2.6513671875
16.210004	2.6416015625
16.220004	2.6513671875
16.229996	2.65625
16.239996	2.6904296875
16.249996	2.71484375
16.259996	2.744140625
16.269996	2.7783203125
16.28	2.8125
16.289996	2.861328125
16.299996	2.880859375
16.309996	2.91015625
16.32	2.9248046875
16.329996	2.9296875
16.339996	2.9296875
16.349996	2.9296875
16.36	2.9052734375
16.369996	2.880859375
16.379996	2.87109375
16.389996	2.822265625
16.399996	2.7880859375
16.409996	2.7490234375
16.419996	2.7197265625
16.430004	2.6904296875
16.439996	2.666015625
16.45	2.6513671875
16.459996	2.646484375
16.470004	2.65625
16.479996	2.666015625
16.489996	2.6953125
16.500004	2.724609375
16.510004	2.744140625
16.520004	2.7783203125
16.529996	2.8271484375
16.540004	2.8662109375
16.550004	2.8759765625
16.560004	2.91015625
16.569996	2.9248046875
16.579996	2.9345703125
16.589996	2.9296875
16.599996	2.9248046875
16.609996	2.900390625
16.62	2.880859375
16.629996	2.861328125
16.639996	2.822265625
16.649996	2.783203125
16.659996	2.744140625
16.669996	2.7197265625
16.679996	2.685546875
16.690004	2.6708984375
16.699996	2.6513671875
16.709996	2.6513671875
16.720004	2.65625
16.730004	2.6708984375
16.739996	2.6953125
16.75	2.7197265625
16.759996	2.75390625
16.770004	2.7880859375
16.779996	2.8173828125
16.79	2.861328125
16.799996	2.880859375
16.810004	2.9052734375
16.820004	2.919921875
16.829996	2.9345703125
16.840004	2.919921875
16.850004	2.9150390625
16.860004	2.900390625
16.869996	2.8759765625
16.879996	2.8515625
16.889996	2.822265625
16.899996	2.783203125
16.909996	2.744140625
16.919996	2.724609375
16.929996	2.6953125
16.939996	2.6708984375
16.949996	2.6513671875
16.959996	2.6513671875
16.969996	2.6611328125
16.979996	2.67578125
16.989996	2.6953125
17.0	2.724609375
17.009996	2.75390625
17.019996	2.7880859375
17.029996	2.83203125
17.039996	2.8564453125
17.049996	2.890625
17.060004	2.9052734375
17.070004	2.919921875
17.079996	2.9296875
17.09	2.9248046875
17.100004	2.919921875
17.110004	2.890625
17.119996	2.880859375
17.129996	2.841796875
17.140004	2.822265625
17.150004	2.7734375
17.160004	2.7392578125
17.169996	2.7197265625
17.179996	2.6904296875
17.189996	2.666015625
17.199996	2.65625
17.21	2.65625
17.219996	2.6611328125
17.229996	2.6806640625
17.239996	2.7001953125
17.249996	2.7294921875
17.259996	2.763671875
17.269996	2.7978515625
17.279996	2.83203125
17.289996	2.8662109375
17.299996	2.880859375
17.309996	2.91015625
17.319996	2.919921875
17.330004	2.919921875
17.339996	2.919921875
17.349996	2.9052734375
17.360004	2.890625
17.370004	2.8759765625
17.379996	2.841796875
17.39	2.8173828125
17.400004	2.7783203125
17.410004	2.7392578125
17.419996	2.71484375
17.43	2.6953125
17.440004	2.6708984375
17.450004	2.6611328125
17.460004	2.65625
17.469996	2.666015625
17.479996	2.685546875
17.490004	2.705078125
17.500004	2.744140625
17.509996	2.763671875
17.519996	2.7978515625
17.529996	2.83203125
17.539996	2.87109375
17.549996	2.8857421875
17.56	2.900390625
17.569996	2.919921875
17.579996	2.919921875
17.589996	2.9248046875
17.6	2.9052734375
17.609996	2.890625
17.619996	2.8662109375
17.629996	2.8369140625
17.64	2.8125
17.649996	2.7734375
17.659996	2.7490234375
17.669996	2.7197265625
17.679996	2.6904296875
17.689996	2.6708984375
17.699996	2.6611328125
17.710004	2.6611328125
17.719996	2.6708984375
17.73	2.6806640625
17.739996	2.705078125
17.750004	2.734375
17.759996	2.7587890625
17.769996	2.79296875
17.780004	2.83203125
17.790004	2.8759765625
17.800004	2.8857421875
17.809996	2.900390625
17.820004	2.919921875
17.830004	2.919921875
17.840004	2.919921875
17.849996	2.9052734375
17.859996	2.8857421875
17.869996	2.861328125
17.879996	2.841796875
17.889996	2.8125
17.9	2.7783203125
17.909996	2.744140625
17.919996	2.71484375
17.929996	2.6904296875
17.939996	2.6708984375
17.949996	2.666015625
17.959996	2.666015625
17.970004	2.6806640625
17.979996	2.6953125
17.989996	2.71484375
18.000004	2.734375
18.010004	2.7685546875
18.019996	2.802734375
18.03	2.83203125
18.039996	2.8662109375
18.050004	2.880859375
18.059996	2.9052734375
18.07	2.9150390625
18.079996	2.9052734375
18.090004	2.9052734375
18.100004	2.8955078125
18.109996	2.8857421875
18.120004	2.87109375
18.130004	2.8369140625
18.140004	2.802734375
18.149996	2.7685546875
18.159996	2.744140625
18.169996	2.7197265625
18.179996	2.685546875
18.189996	2.6708984375
18.199996	2.6708984375
18.209996	2.6708984375
18.219996	2.6806640625
18.229996	2.6904296875
18.239996	2.7197265625
18.249996	2.744140625
18.259996	2.7734375
18.269996	2.8076171875
18.28	2.8369140625
18.289996	2.8662109375
18.299996	2.8759765625
18.309996	2.9052734375
18.319996	2.9052734375
18.329996	2.9150390625
18.340004	2.91015625
18.350004	2.890625
18.359996	2.8759765625
18.37	2.8564453125
18.380004	2.8271484375
18.390004	2.7978515625
18.399996	2.7685546875
18.409996	2.724609375
18.420004	2.71484375
18.430004	2.685546875
18.440004	2.6806640625
18.449996	2.67578125
18.459996	2.67578125
18.469996	2.685546875
18.479996	2.6953125
18.49	2.7197265625
18.499996	2.75390625
18.509996	2.7734375
18.519996	2.8125
18.529996	2.841796875
18.539996	2.87109375
18.549996	2.8857421875
18.559996	2.900390625
18.569996	2.91015625
18.579996	2.91015625
18.589996	2.9052734375
18.599996	2.890625
18.610004	2.880859375
18.619996	2.8662109375
18.629996	2.83203125
18.640004	2.79296875
18.650004	2.7685546875
18.659996	2.7294921875
18.67	2.7197265625
18.680004	2.6904296875
18.690004	2.685546875
18.699996	2.67578125
18.71	2.6708984375
18.720004	2.6904296875
18.730004	2.705078125
18.740004	2.7294921875
18.749996	2.7490234375
18.759996	2.783203125
18.770004	2.8125
18.780004	2.8466796875
18.789996	2.8662109375
18.799996	2.8857421875
18.809996	2.900390625
18.819996	2.9052734375
18.829996	2.91015625
18.84	2.900390625
18.849996	2.890625
18.859996	2.8759765625
18.869996	2.8564453125
18.88	2.8271484375
18.889996	2.7880859375
18.899996	2.763671875
18.909996	2.724609375
18.92	2.7099609375
18.929996	2.685546875
18.939996	2.6806640625
18.949996	2.67578125
18.959996	2.67578125
18.969996	2.685546875
18.979996	2.7001953125
18.990004	2.7294921875
18.999996	2.7490234375
19.01	2.783203125
19.019996	2.8125
19.030004	2.8466796875
19.039996	2.8662109375
19.049996	2.890625
19.060004	2.900390625
19.070004	2.9052734375
19.080004	2.9052734375
19.089996	2.900390625
19.100004	2.890625
19.110004	2.8759765625
19.120004	2.8515625
19.129996	2.822265625
19.139996	2.7880859375
19.149996	2.7587890625
19.159996	2.734375
19.169996	2.7197265625
19.18	2.6904296875
19.189996	2.6806640625
19.199996	2.6806640625
19.209996	2.6806640625
19.219996	2.6904296875
19.229996	2.7197265625
19.239996	2.7294921875
19.250004	2.75390625
19.259996	2.783203125
19.269996	2.822265625
19.280004	2.8466796875
19.290004	2.8662109375
19.299996	2.890625
19.31	2.8955078125
19.319996	2.9052734375
19.330004	2.9052734375
19.339996	2.900390625
19.35	2.890625
19.359996	2.87109375
19.370004	2.8466796875
19.380004	2.822265625
19.389996	2.79296875
19.400004	2.75390625
19.410004	2.7294921875
19.420004	2.71484375
19.429996	2.6904296875
19.439996	2.6806640625
19.449996	2.6806640625
19.459996	2.685546875
19.469996	2.6953125
19.479996	2.71484375
19.489996	2.7294921875
19.499996	2.763671875
19.509996	2.7880859375
19.519996	2.8125
19.529996	2.8466796875
19.539996	2.87109375
19.549996	2.8857421875
19.56	2.8955078125
19.569996	2.900390625
19.579996	2.9052734375
19.589996	2.8955078125
19.599996	2.880859375
19.609996	2.87109375
19.620004	2.8564453125
19.630004	2.8125
19.639996	2.7880859375
19.65	2.7587890625
19.660004	2.734375
19.670004	2.7099609375
19.679996	2.6953125
19.689996	2.6806640625
19.700004	2.67578125
19.710004	2.685546875
19.720004	2.6953125
19.729996	2.7099609375
19.739996	2.734375
19.749996	2.7587890625
19.759996	2.783203125
19.77	2.8271484375
19.779996	2.8466796875
19.789996	2.87109375
19.799996	2.880859375
19.809996	2.890625
19.819996	2.9052734375
19.829996	2.8955078125
19.839996	2.8955078125
19.849996	2.8759765625
19.859996	2.87109375
19.869996	2.8466796875
19.879996	2.8173828125
19.890004	2.7880859375
19.899996	2.75390625
19.909996	2.734375
19.920004	2.705078125
19.930004	2.6953125
19.939996	2.685546875
19.95	2.685546875
19.960004	2.685546875
19.970004	2.7001953125
19.979996	2.7197265625
19.99	2.7294921875
20.000004	2.763671875
20.010004	2.79296875
20.020004	2.822265625
20.029996	2.8466796875
20.039996	2.8759765625
20.050004	2.880859375
20.060004	2.8955078125
20.069996	2.8955078125
20.079996	2.900390625
20.089996	2.8955078125
20.099996	2.880859375
20.109996	2.861328125
20.12	2.841796875
20.129996	2.8076171875
20.139996	2.783203125
20.149996	2.7490234375
20.16	2.7294921875
20.169996	2.7099609375
20.179996	2.6953125
20.189996	2.6806640625
20.2	2.6806640625
20.209996	2.685546875
20.219996	2.7099609375
20.229996	2.724609375
20.239996	2.734375
20.249996	2.7734375
20.259996	2.79296875
20.270004	2.83203125
20.279996	2.8515625
20.29	2.8759765625
20.299996	2.8857421875
20.310004	2.900390625
20.319996	2.8955078125
20.329996	2.900390625
20.340004	2.8955078125
20.350004	2.8662109375
20.360004	2.8662109375
20.369996	2.8369140625
20.380004	2.8125
20.390004	2.7734375
20.400004	2.75390625
20.409996	2.724609375
20.419996	2.705078125
20.429996	2.6953125
20.439996	2.6904296875
20.449996	2.6904296875
20.46	2.685546875
20.469996	2.71484375
20.479996	2.724609375
20.489996	2.7490234375
20.499996	2.7734375
20.509996	2.79296875
20.519996	2.83203125
20.530004	2.8515625
20.539996	2.8662109375
20.549996	2.880859375
20.560004	2.8857421875
20.570004	2.890625
20.579996	2.8955078125
20.59	2.8857421875
20.599996	2.87109375
20.610004	2.861328125
20.619996	2.83203125
20.63	2.802734375
20.639996	2.7783203125
20.650004	2.7490234375
20.660004	2.724609375
20.669996	2.71484375
20.680004	2.705078125
20.690004	2.6953125
20.700004	2.6904296875
20.709996	2.6953125
20.719996	2.71484375
20.729996	2.724609375
20.739996	2.7490234375
20.749996	2.7685546875
20.759996	2.802734375
20.769996	2.8271484375
20.779996	2.861328125
20.789996	2.8759765625
20.799996	2.880859375
20.809996	2.890625
20.819996	2.890625
20.829996	2.8955078125
20.84	2.880859375
20.849996	2.8759765625
20.859996	2.8515625
20.869996	2.822265625
20.879996	2.7978515625
20.889996	2.7685546875
20.900004	2.744140625
20.910004	2.724609375
20.919996	2.71484375
20.93	2.7001953125
20.940004	2.6953125
20.950004	2.6953125
20.959996	2.7001953125
20.969996	2.7197265625
20.980004	2.7197265625
20.990004	2.75390625
21.000004	2.7783203125
21.009996	2.802734375
21.019996	2.83203125
21.029996	2.861328125
21.039996	2.87109375
21.05	2.8759765625
21.059996	2.890625
21.069996	2.8955078125
21.079996	2.890625
21.089996	2.8759765625
21.099996	2.87109375
21.109996	2.841796875
21.119996	2.8271484375
21.129996	2.7978515625
21.139996	2.763671875
21.149996	2.744140625
21.159996	2.724609375
21.170004	2.71484375
21.179996	2.7001953125
21.189996	2.6953125
21.200004	2.6953125
21.210004	2.705078125
21.219996	2.7197265625
21.23	2.734375
21.240004	2.7490234375
21.250004	2.7734375
21.259996	2.802734375
21.27	2.8271484375
21.280004	2.861328125
21.290004	2.8662109375
21.300004	2.880859375
21.309996	2.890625
21.319996	2.8857421875
21.330004	2.8955078125
21.340004	2.87109375
21.349996	2.8662109375
21.359996	2.8466796875
21.369996	2.822265625
21.379996	2.79296875
21.389996	2.763671875
21.4	2.7490234375
21.409996	2.7294921875
21.419996	2.7099609375
21.429996	2.6953125
21.44	2.6904296875
21.449996	2.6953125
21.459996	2.7001953125
21.469996	2.7197265625
21.48	2.734375
21.489996	2.7587890625
21.499996	2.7783203125
21.509996	2.8076171875
21.519996	2.83203125
21.529996	2.8515625
21.539996	2.861328125
21.550004	2.8857421875
21.559996	2.890625
21.57	2.890625
21.579996	2.890625
21.590004	2.87109375
21.599996	2.87109375
21.609996	2.841796875
21.620004	2.8173828125
21.630004	2.79296875
21.640004	2.763671875
21.649996	2.7392578125
21.660004	2.724609375
21.670004	2.71484375
21.680004	2.705078125
21.689996	2.7001953125
21.699996	2.7001953125
21.709996	2.71484375
21.719996	2.7197265625
21.729996	2.734375
21.74	2.7587890625
21.749996	2.7783203125
21.759996	2.8076171875
21.769996	2.8369140625
21.779996	2.861328125
21.789996	2.8662109375
21.799996	2.880859375
21.810004	2.890625
21.819996	2.8955078125
21.829996	2.880859375
21.840004	2.87109375
21.850004	2.8564453125
21.859996	2.8369140625
21.87	2.8173828125
21.879996	2.783203125
21.890004	2.7587890625
21.899996	2.7392578125
21.91	2.7197265625
21.919996	2.705078125
21.930004	2.705078125
21.940004	2.6953125
21.949996	2.705078125
21.960004	2.7099609375
21.970004	2.7197265625
21.980004	2.7392578125
21.989996	2.7587890625
21.999996	2.7880859375
22.009996	2.8173828125
22.019996	2.83203125
22.029996	2.861328125
22.039996	2.87109375
22.049996	2.8759765625
22.059996	2.8759765625
22.069996	2.880859375
22.079996	2.8857421875
22.089996	2.87109375
22.099996	2.8662109375
22.109996	2.841796875
22.12	2.8125
22.129996	2.7783203125
22.139996	2.7587890625
22.149996	2.734375
22.159996	2.724609375
22.169996	2.7099609375
22.180004	2.7099609375
22.190004	2.6953125
22.199996	2.7099609375
22.21	2.7197265625
22.220004	2.724609375
22.230004	2.744140625
22.239996	2.75390625
22.249996	2.783203125
22.260004	2.8076171875
22.270004	2.8369140625
22.280004	2.8564453125
22.289996	2.8662109375
22.299996	2.8857421875
22.309996	2.880859375
22.319996	2.880859375
22.33	2.87109375
22.339996	2.87109375
22.349996	2.861328125
22.359996	2.841796875
22.369996	2.8076171875
22.379996	2.7880859375
22.389996	2.763671875
22.399996	2.7294921875
22.409996	2.7197265625
22.419996	2.71484375
22.429996	2.7001953125
22.439996	2.6953125
22.450004	2.7099609375
22.459996	2.7197265625
22.469996	2.7294921875
22.480004	2.7490234375
22.490004	2.763671875
22.499996	2.7880859375
22.51	2.8125
22.520004	2.8466796875
22.530004	2.861328125
22.539996	2.8759765625
22.55	2.8759765625
22.560004	2.8759765625
22.570004	2.8857421875
22.580004	2.87109375
22.589996	2.8662109375
22.599996	2.8515625
22.610004	2.83203125
22.620004	2.802734375
22.629996	2.7880859375
22.639996	2.763671875
22.649996	2.744140625
22.659996	2.7294921875
22.669996	2.7099609375
22.68	2.705078125
22.689996	2.7001953125
22.699996	2.7099609375
22.709996	2.7099609375
22.72	2.7294921875
22.729996	2.7490234375
22.739996	2.7685546875
22.749996	2.79296875
22.76	2.8173828125
22.769996	2.8466796875
22.779996	2.8564453125
22.789996	2.87109375
22.799996	2.8759765625
22.809996	2.8857421875
22.819996	2.880859375
22.830004	2.87109375
22.839996	2.8662109375
22.85	2.8466796875
22.859996	2.8369140625
22.870004	2.8076171875
22.879996	2.7783203125
22.889996	2.7587890625
22.900004	2.734375
22.910004	2.724609375
22.920004	2.7197265625
22.929996	2.7099609375
22.940004	2.705078125
22.950004	2.7099609375
22.960004	2.7197265625
22.969996	2.734375
22.979996	2.7490234375
22.989996	2.7685546875
22.999996	2.79296875
23.009996	2.8271484375
23.02	2.841796875
23.029996	2.861328125
23.039996	2.87109375
23.049996	2.8759765625
23.059996	2.880859375
23.069996	2.8759765625
23.079996	2.8759765625
23.090004	2.87109375
23.099996	2.8515625
23.109996	2.8271484375
23.120004	2.7978515625
23.130004	2.7734375
23.139996	2.7587890625
23.15	2.7294921875
23.159996	2.724609375
23.170004	2.71484375
23.179996	2.7099609375
23.19	2.705078125
23.199996	2.7099609375
23.210004	2.7197265625
23.220004	2.734375
23.229996	2.75390625
23.240004	2.7783203125
23.250004	2.7978515625
23.260004	2.8271484375
23.269996	2.841796875
23.279996	2.8662109375
23.289996	2.87109375
23.299996	2.880859375
23.309996	2.8759765625
23.319996	2.87109375
23.329996	2.8662109375
23.339996	2.8564453125
23.349996	2.841796875
23.359996	2.8271484375
23.369996	2.7978515625
23.379996	2.783203125
23.389996	2.744140625
23.4	2.7392578125
23.409996	2.71484375
23.419996	2.71484375
23.429996	2.7099609375
23.439996	2.705078125
23.449996	2.71484375
23.460004	2.7197265625
23.470004	2.7392578125
23.479996	2.7490234375
23.49	2.7783203125
23.500004	2.7880859375
23.510004	2.8271484375
23.519996	2.841796875
23.529996	2.8662109375
23.540004	2.8759765625
23.550004	2.8759765625
23.560004	2.880859375
23.569996	2.87109375
23.579996	2.87109375
23.589996	2.8515625
23.599996	2.8466796875
23.61	2.8125
23.619996	2.79296875
23.629996	2.7783203125
23.639996	2.7490234375
23.649996	2.7392578125
23.659996	2.724609375
23.669996	2.71484375
23.679996	2.71484375
23.689996	2.705078125
23.699996	2.7197265625
23.709996	2.724609375
23.719996	2.744140625
23.730004	2.7587890625
23.739996	2.7783203125
23.749996	2.802734375
23.760004	2.822265625
23.770004	2.8466796875
23.779996	2.8662109375
23.79	2.8662109375
23.800004	2.8759765625
23.810004	2.87109375
23.819996	2.8759765625
23.83	2.87109375
23.840004	2.8564453125
23.850004	2.841796875
23.860004	2.822265625
23.869996	2.79296875
23.879996	2.7685546875
23.890004	2.75390625
23.900004	2.734375
23.909996	2.7294921875
23.919996	2.71484375
23.929996	2.71484375
23.939996	2.7099609375
23.949996	2.724609375
23.96	2.734375
23.969996	2.7392578125
23.979996	2.763671875
23.989996	2.783203125
24.0	2.802734375
24.009996	2.822265625
24.019996	2.8466796875
24.029996	2.8564453125
24.04	2.8662109375
24.049996	2.8759765625
24.059996	2.87109375
24.069996	2.8662109375
24.079996	2.8662109375
24.089996	2.8515625
24.099996	2.83203125
24.110004	2.8076171875
24.119996	2.7880859375
24.13	2.763671875
24.139996	2.7490234375
24.150004	2.734375
24.159996	2.724609375
24.169996	2.7197265625
24.180004	2.7197265625
24.190004	2.7197265625
24.200004	2.7197265625
24.209996	2.734375
24.220004	2.734375
24.230004	2.7587890625
24.240004	2.783203125
24.249996	2.8076171875
24.259996	2.8271484375
24.269996	2.8515625
24.279996	2.8662109375
24.289996	2.87109375
24.3	2.87109375
24.309996	2.87109375
24.319996	2.8662109375
24.329996	2.861328125
24.339996	2.841796875
24.349996	2.83203125
24.359996	2.8173828125
24.370004	2.7880859375
24.379996	2.7734375
24.389996	2.75390625
24.400004	2.7294921875
24.410004	2.7294921875
24.419996	2.724609375
24.43	2.7197265625
24.439996	2.71484375
24.450004	2.724609375
24.459996	2.7392578125
24.47	2.7490234375
24.479996	2.7734375
24.490004	2.7880859375
24.500004	2.8125
24.509996	2.83203125
24.520004	2.8466796875
24.530004	2.8564453125
24.540004	2.8662109375
24.549996	2.87109375
24.559996	2.8662109375
24.569996	2.8759765625
24.579996	2.8564453125
24.589996	2.841796875
24.599996	2.822265625
24.609996	2.8076171875
24.619996	2.79296875
24.629996	2.7734375
24.639996	2.75390625
24.649996	2.734375
24.659996	2.7294921875
24.669996	2.724609375
24.68	2.7294921875
24.689996	2.7197265625
24.699996	2.724609375
24.709996	2.7392578125
24.719996	2.75390625
24.729996	2.7734375
24.740004	2.7880859375
24.750004	2.8125
24.759996	2.83203125
24.77	2.8466796875
24.780004	2.8564453125
24.790004	2.8662109375
24.799996	2.87109375
24.809996	2.87109375
24.820004	2.87109375
24.830004	2.8515625
24.840004	2.841796875
24.849996	2.822265625
24.859996	2.8125
24.869996	2.783203125
24.879996	2.763671875
24.89	2.7490234375
24.899996	2.7392578125
24.909996	2.724609375
24.919996	2.7197265625
24.929996	2.7197265625
24.939996	2.71484375
24.949996	2.724609375
24.959996	2.7294921875
24.969996	2.75390625
24.979996	2.7734375
24.989996	2.79296875
24.999996	2.8125
25.010004	2.83203125
25.019996	2.8515625
25.029996	2.8564453125
25.040004	2.87109375
25.050004	2.8662109375
25.059996	2.87109375
25.07	2.8662109375
25.080004	2.861328125
25.090004	2.8466796875
25.099996	2.822265625
25.11	2.8076171875
25.120004	2.783203125
25.130004	2.7734375
25.140004	2.7490234375
25.149996	2.734375
25.159996	2.724609375
25.170004	2.724609375
25.180004	2.7197265625
25.189996	2.71484375
25.199996	2.7294921875
25.209996	2.744140625
25.219996	2.75390625
25.229996	2.7734375
25.24	2.79296875
25.249996	2.822265625
25.259996	2.83203125
25.269996	2.8466796875
25.28	2.8564453125
25.289996	2.87109375
25.299996	2.8662109375
25.309996	2.87109375
25.32	2.8662109375
25.329996	2.861328125
25.339996	2.83203125
25.349996	2.822265625
25.359996	2.79296875
25.369996	2.783203125
25.379996	2.7685546875
25.390004	2.744140625
25.399996	2.7294921875
25.41	2.724609375
25.419996	2.7197265625
25.430004	2.7197265625
25.439996	2.724609375
25.449996	2.734375
25.460004	2.744140625
25.470004	2.763671875
25.480004	2.7783203125
25.489996	2.79296875
25.500004	2.8125
25.510004	2.83203125
25.520004	2.8515625
25.529996	2.8515625
25.539996	2.87109375
25.549996	2.8662109375
25.559996	2.87109375
25.569996	2.861328125
25.58	2.8466796875
25.589996	2.841796875
25.599996	2.822265625
25.609996	2.802734375
25.619996	2.783203125
25.629996	2.7587890625
25.639996	2.7490234375
25.650004	2.7294921875
25.659996	2.7197265625
25.669996	2.7197265625
25.680004	2.724609375
25.690004	2.7294921875
25.699996	2.734375
25.71	2.7490234375
25.719996	2.763671875
25.730004	2.7734375
25.739996	2.7978515625
25.75	2.8125
25.759996	2.8369140625
25.770004	2.8515625
25.780004	2.8662109375
25.789996	2.87109375
25.800004	2.861328125
25.810004	2.8662109375
25.820004	2.861328125
25.829996	2.8466796875
25.839996	2.8271484375
25.849996	2.8173828125
25.859996	2.79296875
25.869996	2.7783203125
25.879996	2.75390625
25.889996	2.7490234375
25.899996	2.7294921875
25.909996	2.724609375
25.919996	2.7294921875
25.929996	2.7197265625
25.939996	2.734375
25.949996	2.7294921875
25.96	2.75390625
25.969996	2.763671875
25.979996	2.783203125
25.989996	2.802734375
25.999996	2.8271484375
26.009996	2.8369140625
26.020004	2.8466796875
26.030004	2.861328125
26.039996	2.8662109375
26.05	2.87109375
26.060004	2.87109375
26.070004	2.8515625
26.079996	2.841796875
26.089996	2.8271484375
26.100004	2.8125
26.110004	2.7880859375
26.120004	2.7783203125
26.129996	2.75390625
26.139996	2.7392578125
26.149996	2.744140625
26.159996	2.724609375
26.17	2.7294921875
26.179996	2.724609375
26.189996	2.7294921875
26.199996	2.744140625
26.209996	2.7587890625
26.219996	2.763671875
26.229996	2.7880859375
26.239996	2.802734375
26.249996	2.8173828125
26.259996	2.8369140625
26.269996	2.8466796875
26.279996	2.861328125
26.290004	2.8662109375
26.299996	2.87109375
26.309996	2.861328125
26.320004	2.8564453125
26.330004	2.8466796875
26.339996	2.822265625
26.35	2.822265625
26.360004	2.7880859375
26.370004	2.7783203125
26.379996	2.7587890625
26.39	2.7392578125
26.400004	2.7294921875
26.410004	2.734375
26.420004	2.7294921875
26.429996	2.7294921875
26.439996	2.734375
26.450004	2.7392578125
26.460004	2.7587890625
26.469996	2.763671875
26.479996	2.783203125
26.489996	2.7978515625
26.499996	2.8271484375
26.509996	2.841796875
26.52	2.8466796875
26.529996	2.8662109375
26.539996	2.8662109375
26.549996	2.8662109375
26.56	2.861328125
26.569996	2.8515625
26.579996	2.841796875
26.589996	2.83203125
26.6	2.8173828125
26.609996	2.7978515625
26.619996	2.7783203125
26.629996	2.7587890625
26.639996	2.7392578125
26.649996	2.7294921875
26.659996	2.734375
26.670004	2.724609375
26.679996	2.724609375
26.69	2.734375
26.699996	2.744140625
26.710004	2.7587890625
26.719996	2.7685546875
26.729996	2.7880859375
26.740004	2.8076171875
26.750004	2.83203125
26.760004	2.8369140625
26.769996	2.8515625
26.780004	2.861328125
26.790004	2.8662109375
26.800004	2.87109375
26.809996	2.8515625
26.819996	2.8466796875
26.829996	2.8369140625
26.839996	2.8271484375
26.849996	2.8076171875
26.86	2.7880859375
26.869996	2.7685546875
26.879996	2.7490234375
26.889996	2.744140625
26.899996	2.7392578125
26.909996	2.734375
26.919996	2.7197265625
26.930004	2.7392578125
26.939996	2.7294921875
26.949996	2.7490234375
26.960004	2.7587890625
26.970004	2.7685546875
26.979996	2.7880859375
26.99	2.8076171875
26.999996	2.8271484375
27.010004	2.841796875
27.019996	2.8564453125
27.03	2.8564453125
27.039996	2.87109375
27.050004	2.861328125
27.060004	2.861328125
27.069996	2.8515625
27.080004	2.8369140625
27.090004	2.822265625
27.100004	2.7978515625
27.109996	2.7880859375
27.119996	2.7734375
27.129996	2.75390625
27.139996	2.744140625
27.149996	2.7294921875
27.159996	2.7392578125
27.169996	2.724609375
27.179996	2.734375
27.189996	2.724609375
27.199996	2.7490234375
27.209996	2.7587890625
27.219996	2.7783203125
27.229996	2.79296875
27.24	2.8076171875
27.249996	2.8271484375
27.259996	2.8369140625
27.269996	2.8564453125
27.279996	2.8564453125
27.289996	2.8662109375
27.300004	2.861328125
27.310004	2.861328125
27.319996	2.8466796875
27.33	2.83203125
27.340004	2.822265625
27.350004	2.802734375
27.359996	2.783203125
27.369996	2.7734375
27.380004	2.7490234375
27.390004	2.7392578125
27.400004	2.7392578125
27.409996	2.7294921875
27.419996	2.7294921875
27.429996	2.734375
27.439996	2.7392578125
27.45	2.7490234375
27.459996	2.763671875
27.469996	2.783203125
27.479996	2.7978515625
27.489996	2.8173828125
27.499996	2.83203125
27.509996	2.8466796875
27.519996	2.8564453125
27.529996	2.8564453125
27.539996	2.8564453125
27.549996	2.8564453125
27.559996	2.861328125
27.570004	2.841796875
27.579996	2.8369140625
27.589996	2.822265625
27.600004	2.7978515625
27.610004	2.783203125
27.619996	2.763671875
27.63	2.75390625
27.640004	2.744140625
27.650004	2.734375
27.659996	2.724609375
27.67	2.734375
27.680004	2.734375
27.690004	2.7392578125
27.700004	2.75390625
27.709996	2.75390625
27.719996	2.783203125
27.730004	2.7880859375
27.740004	2.8076171875
27.749996	2.83203125
27.759996	2.8369140625
27.769996	2.8564453125
27.779996	2.8564453125
27.789996	2.8662109375
27.8	2.8564453125
27.809996	2.861328125
27.819996	2.841796875
27.829996	2.83203125
27.84	2.8173828125
27.849996	2.7978515625
27.859996	2.783203125
27.869996	2.763671875
27.88	2.75390625
27.889996	2.744140625
27.899996	2.734375
27.909996	2.734375
27.919996	2.734375
27.929996	2.734375
27.939996	2.7490234375
27.950004	2.75390625
27.959996	2.763671875
27.97	2.783203125
27.979996	2.7978515625
27.990004	2.8173828125
27.999996	2.83203125
28.009996	2.8466796875
28.020004	2.8515625
28.030004	2.8515625
28.040004	2.8662109375
28.049996	2.8515625
28.060004	2.8564453125
28.070004	2.8369140625
28.080004	2.83203125
28.089996	2.8125
28.099996	2.79296875
28.109996	2.783203125
28.119996	2.763671875
28.129996	2.75390625
28.14	2.7392578125
28.149996	2.7294921875
28.159996	2.7294921875
28.169996	2.734375
28.179996	2.7392578125
28.189996	2.7490234375
28.199996	2.7490234375
28.210004	2.7734375
28.219996	2.783203125
28.229996	2.79296875
28.240004	2.8125
28.250004	2.83203125
28.259996	2.8466796875
28.27	2.8564453125
28.279996	2.8662109375
28.290004	2.8564453125
28.299996	2.8564453125
28.31	2.8564453125
28.319996	2.83203125
28.330004	2.8369140625
28.340004	2.8125
28.349996	2.7880859375
28.360004	2.7734375
28.370004	2.763671875
28.380004	2.7490234375
28.389996	2.744140625
28.399996	2.734375
28.409996	2.7294921875
28.419996	2.7294921875
28.429996	2.734375
28.439996	2.7490234375
28.449996	2.7490234375
28.459996	2.7734375
28.469996	2.783203125
28.479996	2.7978515625
28.489996	2.8173828125
28.499996	2.8271484375
28.509996	2.841796875
28.52	2.8564453125
28.529996	2.861328125
28.539996	2.8564453125
28.549996	2.861328125
28.559996	2.8466796875
28.569996	2.8466796875
28.580004	2.8271484375
28.590004	2.8076171875
28.599996	2.7978515625
28.61	2.7783203125
28.620004	2.763671875
28.630004	2.7490234375
28.639996	2.744140625
28.649996	2.7294921875
28.660004	2.7392578125
28.670004	2.7392578125
28.680004	2.7392578125
28.689996	2.744140625
28.699996	2.75390625
28.709996	2.7783203125
28.719996	2.7783203125
28.73	2.8076171875
28.739996	2.8125
28.749996	2.8369140625
28.759996	2.8466796875
28.769996	2.8564453125
28.779996	2.8564453125
28.789996	2.8564453125
28.799996	2.8515625
28.809996	2.8466796875
28.819996	2.83203125
28.829996	2.822265625
28.839996	2.8076171875
28.850004	2.7978515625
28.859996	2.7783203125
28.869996	2.7587890625
28.880004	2.7490234375
28.890004	2.744140625
28.899996	2.734375
28.91	2.734375
28.920004	2.734375
28.930004	2.7392578125
28.939996	2.75390625
28.95	2.75390625
28.960004	2.7734375
28.970004	2.7880859375
28.980004	2.8076171875
28.989996	2.822265625
28.999996	2.83203125
29.010004	2.8466796875
29.020004	2.8515625
29.029996	2.861328125
29.039996	2.8515625
29.049996	2.8515625
29.059996	2.8369140625
29.069996	2.8369140625
29.08	2.8125
29.089996	2.8076171875
29.099996	2.7880859375
29.109996	2.7734375
29.12	2.763671875
29.129996	2.744140625
29.139996	2.744140625
29.149996	2.734375
29.16	2.734375
29.169996	2.734375
29.179996	2.7392578125
29.189996	2.7490234375
29.199996	2.7587890625
29.209996	2.783203125
29.219996	2.79296875
29.230004	2.8076171875
29.239996	2.8173828125
29.25	2.83203125
29.259996	2.8369140625
29.270004	2.8466796875
29.279996	2.8564453125
29.289996	2.861328125
29.300004	2.841796875
29.310004	2.8369140625
29.320004	2.8271484375
29.329996	2.8125
29.340004	2.8076171875
29.350004	2.783203125
29.360004	2.7783203125
29.369996	2.7587890625
29.379996	2.75390625
29.389996	2.7490234375
29.399996	2.7294921875
29.409996	2.734375
29.42	2.734375
29.429996	2.744140625
29.439996	2.7490234375
29.449996	2.763671875
29.459996	2.7734375
29.469996	2.7880859375
29.479996	2.8076171875
29.490004	2.822265625
29.499996	2.8369140625
29.509996	2.8466796875
29.520004	2.8564453125
29.530004	2.8466796875
29.539996	2.8564453125
29.55	2.8466796875
29.559996	2.841796875
29.570004	2.83203125
29.579996	2.8173828125
29.59	2.802734375
29.599996	2.7783203125
29.610004	2.7783203125
29.620004	2.7587890625
29.629996	2.7490234375
29.640004	2.7392578125
29.650004	2.7392578125
29.660004	2.734375
29.669996	2.744140625
29.679996	2.744140625
29.689996	2.75390625
29.699996	2.763671875
29.709996	2.7734375
29.719996	2.7978515625
29.729996	2.8076171875
29.739996	2.8271484375
29.749996	2.83203125
29.759996	2.841796875
29.769996	2.8466796875
29.779996	2.8564453125
29.789996	2.8515625
29.8	2.8466796875
29.809996	2.8369140625
29.819996	2.83203125
29.829996	2.8173828125
29.839996	2.7978515625
29.849996	2.783203125
29.860004	2.7685546875
29.870004	2.7587890625
29.879996	2.7490234375
29.89	2.744140625
29.900004	2.7392578125
29.910004	2.734375
29.919996	2.7392578125
29.929996	2.7490234375
29.940004	2.75390625
29.950004	2.7587890625
29.960004	2.783203125
29.969996	2.7978515625
29.979996	2.8076171875
29.989996	2.822265625
29.999996	2.8271484375
30.01	2.8515625
30.019996	2.8466796875
30.029996	2.8515625
30.039996	2.8515625
30.049996	2.841796875
30.059996	2.83203125
30.069996	2.8173828125
30.079996	2.8125
30.089996	2.7978515625
30.099996	2.783203125
30.109996	2.7734375
